deal.1
N  9  9  4  4
S  5  5  5  5
H  6  6  7  7
D  6  6  7  7
C 11 11  2  2
deal.10
N  8  8  5  5
S 10 10  3  3
H  9  9  3  3
D  6  6  7  7
C  6  6  7  7
deal.100
N  3  3 10 10
S  5  5  8  8
H  0  0 13 13
D  2  2 11 11
C  4  4  8  8
deal.101
N  4  4  9  9
S  3  3 10 10
H  6  6  7  7
D  1  1 11 11
C  5  5  6  6
deal.102
N  5  5  7  7
S  5  5  8  8
H  3  3 10 10
D  9  9  4  4
C  6  6  6  6
deal.103
N  6  6  5  5
S  6  7  6  6
H  5  5  8  8
D  6  6  6  6
C  8  8  4  4
deal.104
N  8  8  5  5
S  6  6  6  6
H  5  5  8  8
D  4  4  9  9
C  8  8  5  5
deal.105
N  6  7  6  6
S  7  7  6  6
H  6  6  7  7
D  6  6  7  7
C  7  7  6  6
deal.106
N  6  6  6  6
S  4  4  8  8
H  3  3 10 10
D  3  3 10 10
C  8  8  4  4
deal.107
N  4  4  8  8
S  3  3 10 10
H  5  5  8  8
D  5  4  8  8
C  4  3  9  9
deal.108
N  4  4  7  7
S  3  3 10 10
H  8  8  4  5
D  4  4  8  8
C  6  6  7  7
deal.109
N  6  6  4  4
S  4  4  8  8
H 11 11  2  2
D  6  6  7  7
C 11 11  2  2
deal.11
N  5  5  8  8
S 10 10  2  2
H  7  7  5  5
D  5  5  8  8
C  9  9  3  3
deal.110
N  9  9  2  4
S 11 11  2  2
H  7  7  6  6
D  8  8  4  4
C  8  8  5  5
deal.111
N  7  7  5  5
S  4  4  9  9
H  4  4  9  9
D  6  7  6  6
C 10 10  3  3
deal.112
N  7  7  5  5
S  7  7  6  6
H  8  8  4  4
D  7  7  6  6
C  9  9  3  3
deal.113
N  4  4  8  8
S  6  6  6  7
H  2  2 11 11
D  3  3 10 10
C  6  5  7  7
deal.114
N  2  2 10 10
S  4  4  8  8
H  5  5  8  8
D  1  1 11 11
C  6  6  7  7
deal.115
N  6  7  6  4
S  5  5  7  7
H  8  9  4  3
D  9  9  4  4
C  7  7  6  5
deal.116
N  7  7  4  5
S  5  5  8  8
H 10 10  3  3
D 10 10  2  2
C  6  6  6  6
deal.117
N  9  9  3  3
S 10 10  3  3
H  8  8  4  4
D  9 10  3  3
C  8  8  5  5
deal.118
N  6  6  7  7
S  4  4  7  7
H  7  7  6  6
D  6  6  7  7
C  8  9  4  4
deal.119
N  6  6  6  6
S  5  5  8  8
H  8  8  4  4
D  5  5  8  8
C  6  6  7  7
deal.12
N  7  7  6  6
S  6  6  7  7
H  5  5  7  8
D  7  7  5  5
C  8  8  5  5
deal.120
N  9  9  4  4
S  7  7  5  5
H  7  7  5  5
D  8  9  4  4
C 12 12  1  1
deal.121
N  5  5  8  8
S  4  4  9  8
H  4  4  9  9
D  4  4  8  9
C  7  7  6  6
deal.122
N  3  3 10 10
S  7  7  6  6
H  4  4  8  8
D  6  6  6  5
C  3  3 10 10
deal.123
N  8  8  5  5
S  7  7  6  6
H  9  9  4  4
D  7  7  6  6
C  7  7  5  5
deal.124
N  1  1  7  7
S  2  2 11 11
H  3  3 10 10
D  9  9  4  4
C  0  0 13 13
deal.125
N  9  9  4  4
S  9  9  4  4
H  9  9  3  3
D  9  9  3  3
C  9  9  4  4
deal.126
N  7  7  5  5
S  5  5  8  8
H  4  4  8  8
D  5  5  7  7
C 10 10  2  2
deal.127
N  5  5  8  8
S  9  9  3  3
H  9  9  4  4
D  5  5  8  8
C  3  3  9  9
deal.128
N  7  7  5  5
S  4  4  8  8
H  7  7  6  6
D  8  8  5  5
C  2  2 10 10
deal.129
N  2  2  7  7
S  1  1 12 12
H  2  2 10 10
D  7  7  6  6
C  1  1 12 12
deal.13
N 11 12  0  0
S 11 11  2  2
H  6  6  7  7
D 12 12  0  0
C 11 11  2  2
deal.130
N  5  5  8  8
S  5  5  8  8
H  4  4  9  8
D  4  4  9  8
C  4  4  8  8
deal.131
N  6  6  7  7
S  5  5  8  8
H  5  5  8  8
D  9  9  4  4
C  7  7  5  5
deal.132
N  8  8  4  4
S 10 10  3  3
H 10 10  3  3
D  5  5  8  8
C  5  5  7  7
deal.133
N 13 13  0  0
S 13 13  0  0
H 11 11  1  1
D 10 10  3  3
C 11 11  1  1
deal.134
N  1  1 12 12
S  4  4  8  8
H  4  4  9  9
D  1  1 12 12
C  1  1 12 12
deal.135
N  3  3  8  7
S  4  4  9  8
H  5  5  8  7
D  3  3 10  9
C  5  5  7  6
deal.136
N  3  3  9  9
S  5  5  7  7
H  3  3  9  9
D  4  4  8  8
C  3  3 10 10
deal.137
N  3  3  7  9
S  3  3 10 10
H  4  4  7  8
D  2  3 10 10
C  6  6  6  7
deal.138
N  5  5  4  4
S  5  5  7  7
H  7  7  6  6
D  7  7  5  4
C  3  3  9  9
deal.139
N  6  6  7  6
S  4  4  9  9
H  8  8  5  5
D  7  7  6  6
C  7  7  6  6
deal.14
N 12 12  1  1
S  8  8  5  5
H 12 12  1  1
D 12 12  1  1
C 10 10  3  3
deal.140
N  2  2  8  8
S  1  1 12 12
H  7  7  5  5
D  1  1 10 10
C  7  7  6  6
deal.141
N  4  4  9  9
S  5  5  8  8
H  3  3  9  9
D  4  4  9  9
C  4  5  8  8
deal.142
N 10 10  2  2
S  6  6  7  7
H  9  9  4  4
D 10 10  2  2
C 10 10  2  2
deal.143
N  5  5  6  6
S  8  8  5  5
H  4  4  8  8
D  2  2  9  9
C  2  2  9  9
deal.144
N  2  2 10 10
S  3  3 10 10
H  2  2 11 11
D  5  5  8  8
C  4  4  8  8
deal.145
N  6  6  3  5
S  6  6  5  5
H  6  6  6  7
D 11 11  2  2
C  7  7  5  6
deal.146
N  9  9  4  4
S 10 10  2  2
H  9  9  3  3
D  6  6  6  6
C  8  8  5  5
deal.147
N  3  2 10  8
S  3  2 10 10
H  8  7  5  4
D  5  5  8  6
C  7  6  6  4
deal.148
N  2  2 10 10
S  1  1 11 11
H  4  3  9  9
D  6  6  7  7
C  6  6  7  7
deal.149
N  6  6  2  2
S  5  5  8  8
H 11 11  0  0
D 11 11  2  2
C  7  7  5  5
deal.15
N  6  6  7  7
S  5  5  8  8
H  6  6  7  6
D  7  7  6  6
C  8  8  5  5
deal.150
N  1  1 11 11
S  4  4  8  8
H  1  1 12 12
D  3  3 10 10
C  5  5  8  8
deal.151
N  5  5  8  8
S  6  6  7  7
H  8  8  5  5
D  4  4  9  9
C  5  5  8  8
deal.152
N  3  3 10 10
S  3  3 10 10
H  2  2 11 11
D  4  4  9  9
C  3  3  9  9
deal.153
N  9  9  2  2
S  6  6  7  7
H 10 10  2  2
D 11 11  2  2
C  9  9  4  4
deal.154
N  6  6  7  7
S 11 11  2  2
H 11 11  2  2
D  5  5  6  6
C  5  5  8  8
deal.155
N  6  6  7  7
S  5  5  8  8
H  8  8  5  5
D  6  7  6  6
C  4  4  9  9
deal.156
N  5  5  8  8
S  8  8  5  5
H  4  4  8  8
D  6  6  7  7
C  4  4  9  9
deal.157
N  2  2 11 11
S  4  4  9  9
H  5  5  8  8
D  2  2 11 11
C  2  2 11 11
deal.158
N  5  5  6  8
S  8  8  5  5
H  6  5  7  7
D  8  8  4  5
C  4  3  9  9
deal.159
N  5  5  7  7
S  7  7  5  5
H  3  3 10 10
D  6  6  7  7
C  8  8  4  4
deal.16
N  2  2 10 10
S  2  2 11 11
H  2  2 11 11
D  3  3 10 10
C  5  5  8  8
deal.160
N 10 10  3  3
S  6  6  7  7
H 11 11  2  2
D  8  8  4  4
C  8  8  3  3
deal.161
N  5  5  8  8
S  4  4  8  8
H  1  1 11 11
D  3  3  9  9
C  7  7  6  6
deal.162
N  9  9  4  4
S 10 10  3  3
H  6  6  6  6
D  5  5  7  7
C  6  6  6  6
deal.163
N  9  9  4  4
S  7  7  5  5
H  7  7  5  5
D 10 10  2  2
C  6  6  7  7
deal.164
N 10 10  3  3
S 11 11  1  1
H  9  9  4  4
D 10 10  3  3
C  9  9  3  3
deal.165
N  6  6  7  7
S  4  4  8  8
H  6  6  7  7
D  5  5  7  7
C  4  4  9  9
deal.166
N  3  3 10 10
S  4  4  9  9
H  5  5  8  8
D  2  2 11 11
C  4  4  9  9
deal.167
N  5  5  7  7
S  5  5  8  8
H  9  9  4  4
D  9  9  4  4
C  9  9  4  4
deal.168
N 10 10  3  3
S  6  6  7  7
H 10 10  3  3
D  6  7  5  5
C 10 10  3  3
deal.169
N  6  5  7  7
S  6  6  7  7
H  5  5  7  8
D  6  5  7  7
C  6  5  7  7
deal.17
N  7  7  6  6
S  9  9  3  3
H  6  6  7  7
D  7  7  5  5
C  6  6  6  6
deal.170
N  5  5  7  7
S  4  4  9  9
H  9  9  4  4
D  9  9  4  4
C  4  4  8  8
deal.171
N  9  9  4  4
S  6  6  7  7
H  9  9  4  4
D  8  8  4  5
C  7  7  6  6
deal.172
N  7  7  6  6
S  6  6  7  7
H  7  7  4  4
D  3  3  9  9
C  5  5  8  8
deal.173
N 10 10  2  2
S 10 10  2  2
H  8  8  5  5
D 11 11  2  2
C  7  8  5  5
deal.174
N  2  2 11 11
S  5  5  8  8
H  1  1 12 12
D  2  2 11 11
C  5  5  8  8
deal.175
N  5  5  4  4
S  3  3 10 10
H 11 11  2  2
D  9  9  3  3
C  6  6  7  7
deal.176
N  5  5  8  8
S  2  2 11 11
H  8  8  5  5
D  6  6  6  6
C  7  7  5  5
deal.177
N  2  2 10 10
S  1  1 12 12
H  1  1 12 12
D  6  6  7  7
C  2  2 11 11
deal.178
N  3  3 10 10
S  4  4  9  9
H  7  7  6  6
D  3  3 10 10
C  3  3 10 10
deal.179
N  3  3  7  7
S  4  4  8  8
H  2  2 10 10
D  7  7  5  5
C  8  8  5  5
deal.18
N  6  6  7  6
S  6  6  7  7
H  8  8  5  5
D  8  8  5  5
C  9  9  4  4
deal.180
N  3  3  8  8
S  8  8  5  5
H  3  3  9  9
D  4  4  8  8
C  2  2 11 11
deal.181
N  9  9  4  4
S  4  5  8  8
H  9  9  4  4
D  9  9  4  4
C  9  9  4  4
deal.182
N  4  4  8  8
S  5  5  8  8
H  7  7  6  6
D  4  4  8  9
C  3  3  9  9
deal.183
N  4  4  8  8
S  3  3 10 10
H  5  5  7  8
D  4  4  9  8
C  4  4  9  9
deal.184
N  4  4  9  9
S  4  4  9  9
H  4  4  9  9
D  5  5  8  8
C  5  5  8  8
deal.185
N  8  8  1  1
S 12 12  1  1
H 12 12  1  1
D  4  4  9  9
C  7  7  5  5
deal.186
N  8  8  4  4
S  9  9  4  4
H  7  7  5  5
D  7  7  6  5
C  8  8  5  5
deal.187
N  7  5  5  5
S  2  2 11 10
H  2  2 11 11
D  8  8  4  4
C  6  5  6  6
deal.188
N  5  5  7  7
S  4  4  9  9
H  3  3 10 10
D  7  7  6  6
C  7  7  5  4
deal.189
N  3  3  9  9
S  3  3 10 10
H  1  1 11 12
D  6  6  7  7
C  6  6  7  7
deal.19
N  7  5  4  4
S  8  8  4  4
H  7  6  6  6
D 10 10  3  3
C  5  5  8  8
deal.190
N  5  5  5  5
S  9  8  4  4
H  5  5  8  8
D  9  9  3  3
C  8  8  4  4
deal.191
N  7  7  6  6
S  7  7  5  5
H  4  4  9  9
D  3  3 10 10
C  9  9  4  4
deal.192
N  9  9  4  4
S  7  7  5  6
H 10 10  1  1
D  8  8  5  5
C 10 10  2  2
deal.193
N  6  6  7  7
S  7  7  6  6
H  7  7  6  6
D  5  5  7  7
C  6  6  7  7
deal.194
N  5  5  7  7
S  6  6  7  7
H  6  6  7  7
D  5  5  8  8
C  5  5  7  7
deal.195
N  3  3  8  8
S  6  6  7  6
H  3  3 10 10
D  4  4  8  8
C  3  3 10 10
deal.196
N  6  6  7  7
S  5  6  7  7
H  4  5  8  8
D  9  9  3  4
C  8  8  4  4
deal.197
N  7  6  4  4
S  6  6  7  7
H  7  7  5  5
D  9  9  4  4
C  8  7  5  5
deal.198
N  5  5  6  6
S  7  7  6  6
H  7  7  6  6
D  4  4  8  8
C  6  6  7  7
deal.199
N  5  5  8  8
S  2  2 11 11
H  3  3  9  9
D  7  7  6  6
C  6  6  6  6
deal.2
N  5  5  7  7
S  4  4  9  9
H  8  8  5  5
D  8  8  5  5
C  4  4  9  9
deal.20
N  7  8  5  5
S  6  6  7  7
H  6  7  6  6
D  5  5  6  6
C  7  7  5  5
deal.200
N  7  7  3  1
S 13 13  0  0
H  5  5  7  7
D 12 12  1  1
C 12 12  1  1
deal.21
N  2  2 10 10
S  6  6  7  7
H  2  2 11 11
D  4  4  9  9
C  2  2 10 10
deal.22
N  8  8  4  4
S  9  9  4  4
H  7  7  6  5
D  7  7  6  6
C  7  7  6  6
deal.23
N  6  6  7  7
S  8  8  3  3
H  6  6  6  6
D  6  6  6  6
C  5  5  5  5
deal.24
N  3  3 10 10
S  3  3 10 10
H  2  2 10 10
D  2  2 10 10
C  5  5  8  8
deal.25
N 10 10  3  3
S 10 10  3  3
H 10 10  2  2
D  8  8  5  5
C 10 10  3  3
deal.26
N  1  1 12 12
S  0  0 13 13
H  1  1 12 12
D  4  4  9  9
C  4  4  9  9
deal.27
N  6  6  7  7
S  9  9  4  4
H  7  8  4  5
D  0  0 11 12
C  7  7  2  4
deal.28
N  8  8  3  3
S  8  8  4  4
H  8  8  5  5
D  5  5  7  7
C  9  9  3  3
deal.29
N  9  9  4  4
S  9  9  4  4
H  8  8  5  5
D  9  9  4  4
C  8  8  5  5
deal.3
N  7  7  5  5
S  6  6  7  7
H  9  9  3  3
D  9  9  4  4
C  9  9  2  2
deal.30
N 10 10  3  3
S  5  5  7  7
H  8  8  4  4
D  9  9  4  4
C  9  9  3  3
deal.31
N  7  7  5  5
S  6  5  6  6
H  7  7  6  6
D 10 10  2  2
C  8  8  5  5
deal.32
N 11 11  2  2
S  9  9  4  4
H  9  9  3  3
D  8  8  5  5
C 11 11  2  2
deal.33
N  8  8  4  4
S  8  8  4  4
H  6  6  7  7
D  8  8  5  5
C  9  9  4  4
deal.34
N 10  9  3  3
S  9  9  4  4
H  9  9  4  4
D  8  8  5  5
C 11 11  2  2
deal.35
N  6  6  7  7
S  8  8  5  5
H  6  6  7  7
D  9  9  4  4
C  7  7  6  6
deal.36
N  1  1 12 12
S  3  3 10 10
H  1  1 12 12
D  3  3  9  9
C  3  3  9  9
deal.37
N 11  8  2  2
S  8  8  5  5
H 11 10  2  2
D  7  7  5  5
C 11 10  2  2
deal.38
N  4  3  7  7
S  2  2 11 11
H  7  7  6  6
D  6  6  7  7
C  4  3  9  9
deal.39
N  1  1 11 11
S  1  1  9  9
H  1  1 12 12
D  5  5  7  7
C  4  4  9  9
deal.4
N  9  9  4  4
S  7  7  6  6
H  8  8  5  5
D  9  9  4  4
C  5  5  8  8
deal.40
N  8  8  5  5
S  8  8  5  5
H  9  9  4  3
D  7  7  6  6
C  6  6  7  7
deal.41
N 10 10  3  3
S 10 10  2  2
H  6  6  7  7
D  6  6  6  6
C 12 12  1  1
deal.42
N  5  5  8  8
S  5  5  8  8
H  6  6  6  6
D  7  7  6  6
C  5  6  7  7
deal.43
N  7  7  6  6
S 10 10  3  3
H  9  9  4  4
D 10 10  3  3
C  5  5  7  7
deal.44
N  5  5  8  8
S  6  6  7  7
H  6  5  7  7
D  8  8  5  5
C  4  4  8  8
deal.45
N  5  5  8  8
S  7  7  5  5
H  7  7  5  5
D  3  3 10 10
C  3  3  9  9
deal.46
N  0  0 13 13
S  1  1 12 12
H  0  0 13 13
D  0  0 13 13
C  6  6  7  7
deal.47
N  6  6  6  6
S  7  7  6  6
H  6  5  7  7
D  5  4  8  8
C  7  6  6  6
deal.48
N  8  8  5  5
S  7  7  6  6
H 10 10  3  3
D  8  8  5  5
C  9  9  4  4
deal.49
N  7  7  3  3
S 10 10  3  3
H  5  5  8  8
D 10 10  3  3
C  6  6  6  6
deal.5
N  7  8  5  5
S  9  9  4  4
H  4  4  9  9
D  4  4  9  9
C  4  4  8  8
deal.50
N  6  6  6  6
S 10 10  2  2
H  9  9  3  3
D  3  3  9  9
C  4  4  9  9
deal.51
N  3  3 10 10
S  3  3 10 10
H  5  5  8  8
D  3  3  9  9
C  6  6  7  7
deal.52
N  6  6  7  7
S  5  5  8  8
H  7  7  6  6
D  6  6  7  7
C  5  5  8  8
deal.53
N  3  3 10 10
S  2  2 11 11
H  3  3 10 10
D  4  4  8  8
C  6  6  7  7
deal.54
N  4  4  7  7
S  7  7  6  6
H  2  2 11 11
D  3  3  9  9
C  2  2 11 11
deal.55
N  6  6  7  7
S  7  7  6  6
H  7  7  6  6
D  5  5  8  8
C  8  8  5  5
deal.56
N  6  6  7  7
S  4  4  8  8
H  6  6  7  7
D  4  4  9  9
C  6  5  6  6
deal.57
N  8  7  3  3
S 11 11  2  2
H  5  5  7  7
D  9  9  4  4
C  9  9  4  4
deal.58
N  2  2 11 11
S  2  2 11 11
H  1  1 11 11
D  3  3 10 10
C  2  2 11 11
deal.59
N  7  7  4  4
S 10 10  3  3
H  9  9  3  3
D  4  4  9  9
C  5  5  8  8
deal.6
N  9  9  4  4
S  8  8  5  5
H 10 10  3  3
D 10 10  2  2
C  8  8  4  4
deal.60
N  8  8  4  4
S  8  8  4  4
H  7  7  5  5
D  8  8  5  5
C  6  6  7  7
deal.61
N  2  2  7  7
S  4  4  9  9
H  2  2 10 10
D  2  2 11 11
C  8  8  5  5
deal.62
N  2  2 10 10
S  5  5  8  8
H  5  5  7  7
D  2  2 11 10
C  7  7  6  6
deal.63
N  7  7  6  6
S  6  6  6  7
H  7  7  6  6
D  4  4  8  8
C  5  5  7  7
deal.64
N  3  3  9  9
S  3  3 10 10
H  3  3 10 10
D  5  5  8  8
C  4  4  9  9
deal.65
N  3  3 10 10
S  3  3 10 10
H  6  6  7  7
D  5  5  8  8
C  6  6  6  6
deal.66
N 11 11  2  2
S 11 11  2  2
H 10 10  3  3
D  8  8  5  5
C 10 10  3  3
deal.67
N 10 10  3  3
S  7  7  6  6
H  8  8  4  4
D 10 10  2  2
C 10  9  3  3
deal.68
N 10 10  2  2
S 10 10  3  3
H 10 10  3  2
D  6  6  7  7
C 11 11  1  1
deal.69
N  5  5  6  6
S 10 10  3  3
H  5  5  8  8
D  4  4  9  9
C  9  9  3  3
deal.7
N  4  4  7  7
S  2  2 11 11
H  7  6  6  6
D  2  2 11 11
C  9  8  4  4
deal.70
N  9  9  2  2
S 11 11  2  2
H  5  5  7  7
D  6  6  6  6
C 10 10  2  2
deal.71
N  4  4  8  8
S  6  6  7  7
H  3  3 10 10
D  7  7  6  6
C  3  3 10 10
deal.72
N  4  4  7  7
S  7  7  5  5
H  7  7  6  6
D  1  1  9  9
C  6  6  7  7
deal.73
N  8  8  5  5
S  9  9  4  4
H 10 10  3  3
D  7  7  6  6
C  9  9  4  4
deal.74
N  4  4  9  9
S  3  3  9  9
H  5  5  8  8
D  5  5  8  8
C  5  5  8  8
deal.75
N 11 12  1  1
S  9 10  3  3
H 11 12  1  1
D 11 12  1  1
C 11 12  1  1
deal.76
N  7  7  6  6
S  5  5  8  8
H  6  6  6  6
D  6  6  6  6
C  7  7  6  6
deal.77
N  5  5  7  7
S  7  8  4  4
H  6  6  5  5
D  5  5  7  7
C  8  8  5  5
deal.78
N  8  8  5  5
S  4  4  7  7
H  4  4  9  9
D 10 10  2  2
C 10 10  2  2
deal.79
N  8  9  3  3
S  9  9  4  4
H 10 10  3  3
D 10 10  3  3
C  6  6  7  7
deal.8
N  5  5  5  5
S  9  9  4  4
H  5  5  8  8
D  3  3  9  9
C  8  8  4  4
deal.80
N  7  7  5  5
S  8  8  4  4
H  9  8  4  4
D  5  5  8  8
C  7  7  6  6
deal.81
N  5  5  6  6
S  8  8  5  5
H  8  8  4  4
D  3  3 10 10
C  4  5  7  7
deal.82
N  5  5  8  8
S  4  4  9  9
H  6  6  7  7
D  6  6  7  7
C  7  7  5  6
deal.83
N  9  8  4  4
S  7  7  6  5
H  7  6  6  6
D 10  9  2  2
C  8  7  5  5
deal.84
N  1  1  7  7
S  1  1 11 11
H  7  7  6  6
D  8  8  5  5
C  0  0 11 11
deal.85
N  8  8  4  4
S  9  9  4  4
H  6  6  6  6
D  9 10  3  3
C  8  8  5  5
deal.86
N  8  8  5  5
S  5  5  8  8
H  8  8  4  4
D 10 10  3  3
C 10 10  2  2
deal.87
N 10 10  3  3
S 12 12  0  0
H  9 10  3  3
D  6  6  6  6
C  5  5  8  7
deal.88
N 12 12  1  1
S  8  8  4  4
H 11 11  2  2
D 12 12  1  1
C  8  8  5  5
deal.89
N  6  6  6  6
S  9  9  4  4
H  5  5  8  8
D  8  8  5  5
C 10 10  3  3
deal.9
N  5  5  8  8
S  3  3 10 10
H  5  5  8  8
D  5  5  8  8
C  6  6  6  6
deal.90
N  4  4  5  5
S  4  4  8  8
H  3  3 10 10
D  6  6  7  7
C  8  8  5  5
deal.91
N  8  8  4  4
S  7  7  6  6
H  5  5  8  8
D  7  7  5  5
C 11 11  1  1
deal.92
N  3  3 10 10
S  5  5  7  7
H  3  3 10 10
D  6  6  7  7
C  4  4  8  8
deal.93
N  7  6  6  6
S  4  4  8  8
H  5  5  7  7
D  6  6  7  7
C  5  5  8  7
deal.94
N  8  9  4  4
S  6  8  5  5
H  8  9  4  4
D  8  8  4  4
C  5  5  8  8
deal.95
N  4  4  9  8
S  5  5  8  8
H  1  1 11 11
D  5  5  8  8
C  6  6  6  6
deal.96
N  2  2 10 10
S  2  2 10 10
H  5  5  7  7
D  5  5  8  8
C  4  4  9  9
deal.97
N  5  4  8  7
S  4  4  9  8
H  6  6  7  7
D  4  4  9  8
C  6  6  7  6
deal.98
N  2  2 11 11
S  4  4  9  9
H  2  2  9  9
D  4  4  9  9
C  4  4  9  9
deal.99
N  9  9  4  4
S  7  6  5  5
H  8  8  5  5
D  9  8  4  4
C  9  8  4  4
