deal.01
N  6  6  7  7
S  5  5  8  8
H  9  9  3  3
D 11 11  2  2
C 10 10  3  3
deal.02
N  1  1 12 12
S  1  1 12 12
H  0  0 13 13
D  3  3 10 10
C  5  5  8  8
deal.03
N  4  4  6  6
S  2  2 11 11
H  5  5  6  6
D  4  4  8  8
C  7  7  5  5
deal.04
N  7  7  6  5
S  5  6  7  7
H 10 10  3  3
D 10 10  3  3
C  6  6  7  7
deal.05
N  5  6  7  8
S  7  7  6  6
H  8  8  5  5
D  4  4  8  9
C  7  7  5  6
deal.06
N  5  5  8  8
S  6  6  7  7
H  5  5  8  8
D  6  6  7  7
C  9  9  3  4
deal.07
N  4  4  9  9
S  4  4  9  9
H  4  4  9  9
D  5  5  8  8
C  1  1 11 11
deal.08
N  7  6  6  6
S  6  6  7  7
H  6  6  7  7
D  6  6  6  6
C  9  9  3  3
deal.09
N  6  6  7  7
S  6  6  7  7
H  5  5  8  7
D  2  2 11 11
C  3  3 10 10
deal.10
N  6  6  7  7
S  9  9  4  4
H  4  5  8  8
D  4  4  9  9
C  6  6  6  6
deal.11
N  7  6  5  5
S  6  6  7  7
H  5  5  8  8
D 10 10  3  3
C 11 10  2  2
deal.12
N  7  7  6  6
S  6  6  7  7
H  7  7  6  6
D  6  6  7  7
C  8  8  5  5
deal.13
N  9  9  4  4
S  7  7  6  6
H 11 11  2  2
D  6  6  6  6
C 10 10  3  3
deal.14
N  8  8  5  5
S 10 10  3  2
H  7  6  6  6
D  9  9  4  4
C  6  6  7  7
