deal.01
N  9  9  3  3
S 11 11  2  2
H  8  8  4  4
D  6  6  6  6
C  7  7  3  3
deal.02
N  7  7  6  6
S  4  4  8  8
H  6  6  6  6
D  8  8  5  5
C  4  4  8  8
deal.03
N  5  5  7  8
S  5  5  8  8
H  8  7  5  5
D  7  6  7  7
C  4  4  8  8
deal.04
N  5  5  5  7
S  9  9  4  4
H  8  8  4  5
D 10 10  3  3
C  5  5  8  8
deal.05
N  4  4  8  9
S  7  7  5  5
H  6  6  7  7
D  3  3  9  9
C  7  7  5  5
deal.06
N  7  8  5  5
S  8  8  5  5
H  7  7  6  6
D 10 10  3  3
C  7  7  5  5
deal.07
N  4  5  6  6
S  9 10  3  3
H  9  9  4  4
D  8  8  5  5
C  4  4  9  9
deal.08
N  7  7  3  3
S  5  5  8  8
H  9  9  3  3
D  9  9  4  3
C  5  5  8  8
deal.09
N  7  5  6  6
S  6  5  7  7
H  6  6  6  6
D  9  8  4  4
C  8  8  4  4
deal.10
N  7  7  6  6
S  8  8  3  3
H  2  2 10 10
D  2  2 10 10
C  9  9  3  3
deal.11
N  9  9  4  4
S  6  6  7  7
H  3  3  9  9
D  9  9  4  4
C  7  6  6  6
deal.12
N  8  7  3  3
S  6  6  7  7
H 11 11  2  2
D  5  5  8  8
C 11 11  2  2
deal.13
N  7  6  6  6
S  6  6  6  6
H  8  8  5  5
D  5  5  8  7
C  7  6  6  6
deal.14
N  7  6  6  6
S  9  9  3  3
H  9  8  4  4
D  7  6  6  6
C  7  7  6  6
deal.15
N  5  5  7  7
S  6  6  7  7
H  3  3 10 10
D  5  4  8  8
C  8  8  5  5
deal.16
N  4  4  8  8
S  3  3  9  9
H  4  4  8  8
D  7  7  6  6
C  7  7  6  6
deal.17
N  8  8  4  4
S  9  9  3  3
H  7  7  6  6
D  9  9  4  4
C  9  9  4  4
deal.18
N  6  6  7  7
S  8  8  5  5
H  4  4  9  9
D  8  8  5  5
C  4  4  9  9
deal.19
N  8  8  4  4
S  8  9  4  4
H  6  6  7  7
D  6  7  6  6
C  4  5  8  8
deal.20
N  8  8  3  3
S  7  6  6  6
H 10  9  3  3
D 10 10  3  3
C 11 11  2  2
deal.21
N  9  8  4  4
S  8  7  5  5
H  7  7  6  6
D  9  9  4  4
C 10 10  3  3
deal.22
N  7  7  6  6
S  6  6  6  6
H  9  9  4  4
D  7  7  5  5
C  5  5  7  7
deal.23
N  4  4  7  7
S  3  3 10 10
H  3  3 10 10
D  7  7  5  5
C  4  4  9  9
deal.24
N  6  6  5  5
S  8  7  5  5
H 10 10  3  3
D  9  9  4  4
C  5  5  8  8
deal.25
N  2  2  9  9
S  7  7  6  6
H  2  2 11 11
D  2  2 11 11
C  6  6  6  6
