deal.1
N 13 13  0  0
S 12 12  1  1
H 12 13  0  0
D  9  9  4  4
C  7  7  5  6
deal.10
N 10  9  3  3
S  8  8  4  4
H  5  4  7  8
D 12 11  1  1
C 12 12  1  1
deal.11
N  8  8  5  5
S 12 12  1  1
H  5  5  7  7
D  7  8  5  5
C  5  5  8  7
deal.12
N  8  8  3  3
S 10 10  3  3
H  8  9  4  4
D  5  5  7  7
C  8  8  5  5
deal.13
N 10  8  3  3
S  9  8  4  4
H  9  9  3  3
D 10 10  3  3
C  7  7  6  6
deal.14
N  9  9  4  4
S 10 10  3  3
H  8  8  4  4
D  9  9  4  4
C  8  8  5  5
deal.2
N 12 12  1  1
S 10 10  3  3
H 12 12  0  1
D  9  9  3  4
C  9  9  3  3
deal.3
N 12 11  1  1
S  6  5  7  7
H 12 11  1  1
D  7  7  5  5
C  6  6  7  7
deal.4
N  5  6  7  6
S 10 10  3  3
H  5  5  8  8
D  7  7  6  5
C  9  9  3  3
deal.5
N  3  3  9  9
S  2  2 11 11
H  5  5  8  8
D  6  6  6  7
C  5  5  8  8
deal.6
N 11 11  2  2
S 12 12  1  1
H 10 10  2  2
D  8  8  5  5
C  8  8  4  4
deal.7
N 11 11  2  2
S  8  8  5  4
H 11 11  2  2
D  6  7  6  6
C 12 12  1  1
deal.8
N  6  6  7  7
S  5  5  8  8
H  8  8  5  5
D  5  5  8  8
C  5  5  7  7
deal.9
N  9  9  3  3
S 11 11  1  1
H  8  8  5  5
D  7  7  6  6
C  7  7  6  6
squeeze.1
N  1  1  2  0
S  2  2  1  1
H  1  1  1  1
D  2  2  1  0
C  1  1  2  0
squeeze.2
N  7  7  1  0
S  7  7  0  0
H  7  7  1  1
D  5  5  2  2
C  5  5  3  3
squeeze.3
N  3  3  0  0
S  2  2  1  1
H  2  2  1  1
D  3  3  0  0
C  4  4  0  0
squeeze.4
N  5  5  1  0
S  5  5  1  0
H  3  3  2  2
D  4  4  2  2
C  5  5  1  1
squeeze.5
N  6  6  0  0
S  5  5  1  2
H  3  3  2  2
D  6  5  1  1
C  6  6  1  1
