deal.1
N  5  5  6  6
S  6  6  7  7
H  8  8  5  5
D  6  6  7  7
C  5  5  8  8
deal.10
N  6  7  5  5
S  5  5  7  7
H  4  5  8  8
D  8  8  4  4
C  7  7  5  5
deal.100
N  4  3  8  8
S  3  3 10 10
H  2  2 11 11
D  4  4  9  9
C  7  7  6  6
deal.1000
N  2  2 11 11
S  5  5  8  8
H  3  3  9  9
D  3  3 10 10
C  3  3 10 10
deal.101
N 12 12  1  1
S 12 12  1  1
H 11 11  2  2
D 10 10  3  3
C  6  6  7  7
deal.102
N  8  8  5  5
S  9  9  4  4
H  9  9  4  4
D  6  6  6  6
C  5  5  7  7
deal.103
N  2  2 11 11
S  2  2 11 11
H  4  4  8  8
D  2  2 11 11
C  7  7  5  5
deal.104
N  8  8  5  5
S  8  8  4  4
H  8  8  4  4
D  6  6  7  7
C  8  8  5  5
deal.105
N  4  4  8  8
S  7  7  6  6
H  7  7  6  6
D  4  4  9  9
C  3  3 10 10
deal.106
N  3  3  8 10
S  2  2 10 11
H  4  4  9  9
D  3  3  9 10
C  5  5  8  8
deal.107
N  9 10  3  3
S 11 11  1  1
H 10 10  2  2
D  5  5  6  6
C  7  7  6  6
deal.108
N  7  7  2  2
S  7  7  4  4
H 11 11  2  2
D  5  5  8  8
C  8  8  4  4
deal.109
N  4  4  7  7
S  4  4  8  9
H 10 10  3  3
D  5  5  8  8
C  3  3  9 10
deal.11
N  4  4  8  8
S  4  4  9  9
H  7  7  6  6
D  4  4  9  9
C  6  6  6  6
deal.110
N  6  6  6  6
S  8  8  4  5
H  5  4  7  7
D  5  5  7  7
C  6  5  7  7
deal.111
N  7  8  5  5
S  6  7  5  5
H  9  9  4  4
D  8  8  5  5
C  5  5  8  8
deal.112
N 11 11  1  1
S 11 11  1  1
H  8  8  5  5
D 11 11  1  1
C  7  7  5  5
deal.113
N  7  7  6  6
S  7  6  6  6
H  6  6  6  6
D  8  8  5  5
C  8  8  4  4
deal.114
N  0  0 13 13
S  3  3 10 10
H  2  2 11 11
D  2  2 10 10
C  0  0 13 13
deal.115
N  6  6  7  7
S  9  9  4  4
H  4  4  8  8
D  7  7  6  6
C  5  5  8  8
deal.116
N  6  6  6  6
S  5  5  8  8
H  7  7  6  6
D  8  8  5  5
C  8  8  5  5
deal.117
N  6  6  6  6
S  5  5  8  8
H  9  9  4  4
D  7  7  6  6
C  9  9  4  4
deal.118
N  6  6  7  7
S  7  7  5  5
H  4  4  9  9
D  7  7  6  6
C  5  5  8  8
deal.119
N  5  5  8  7
S  6  7  6  6
H  7  7  6  6
D  7  7  6  6
C  7  7  6  6
deal.12
N  4  4  8  8
S  7  7  6  6
H  3  3  9  9
D  3  3 10 10
C  4  4  8  9
deal.120
N  8  8  2  1
S  6  6  6  6
H  8  8  5  5
D 11 11  2  1
C  9  9  4  4
deal.121
N  5  6  7  7
S  5  5  7  8
H  7  7  5  6
D  7  7  5  5
C  7  7  6  6
deal.122
N  7  7  5  5
S  6  6  6  6
H  7  7  6  6
D  7  7  6  6
C  9  9  4  4
deal.123
N 10 10  2  2
S 11 11  2  2
H  7  7  5  5
D 10 10  3  2
C 10 10  3  3
deal.124
N 10 10  3  3
S 10 10  3  3
H 10 10  3  3
D 12 12  1  1
C  7  7  6  6
deal.125
N  6  7  5  5
S  6  6  6  6
H  8  8  5  5
D  6  6  7  7
C  7  7  6  6
deal.126
N  7  7  5  5
S  6  6  7  7
H  9  9  3  3
D  6  6  7  7
C  6  6  7  7
deal.127
N  7  7  5  5
S  7  7  6  6
H  8  8  4  4
D  7  7  5  5
C  8  8  5  5
deal.128
N  7  7  6  6
S  7  7  6  6
H  7  7  6  6
D  7  7  6  6
C  5  5  7  7
deal.129
N  1  1  8  8
S  1  1 12 12
H  6  6  7  7
D  8  8  5  5
C  6  7  6  6
deal.13
N 12 12  1  1
S 12 12  1  1
H 12 12  1  1
D  8  8  4  4
C  7  6  6  6
deal.130
N  4  4  9  9
S  3  3  9  9
H  5  5  8  8
D  3  3 10 10
C  5  5  8  8
deal.131
N  3  3  8  8
S  7  7  6  6
H  9  9  3  3
D  7  7  6  6
C  3  3 10 10
deal.132
N  7  7  6  6
S  5  5  7  7
H 11 11  1  1
D  5  5  8  8
C  8  8  3  3
deal.133
N  4  5  7  7
S  5  5  7  7
H  6  6  6  6
D  4  4  8  8
C  4  4  9  9
deal.134
N  6  7  6  6
S  8  9  4  4
H  8  8  4  4
D  7  8  5  5
C  8  8  5  5
deal.135
N  5  5  7  7
S  5  5  8  7
H  7  7  6  6
D  9  9  3  3
C  9  9  4  3
deal.136
N  8  8  5  5
S  9  9  4  4
H  8  8  5  5
D  8  8  5  5
C  6  6  7  7
deal.137
N  4  4  4  4
S 10 10  3  3
H  4  4  9  9
D 11 11  2  2
C 11 11  2  2
deal.138
N 10 10  3  3
S  9  9  4  4
H  7  7  5  5
D 11 11  2  2
C 10 10  2  2
deal.139
N  7  7  4  4
S  7  7  4  4
H  7  7  5  5
D 10 10  3  3
C  7  7  5  6
deal.14
N  7  7  5  5
S  6  6  6  6
H  7  7  5  5
D  7  7  6  6
C  5  5  7  7
deal.140
N 12 12  1  1
S 10 10  2  2
H 12 12  1  1
D  8  8  5  5
C 10 10  3  3
deal.141
N  3  3 10 10
S  6  7  6  6
H  5  5  7  7
D  5  5  8  8
C  3  3 10 10
deal.142
N  2  2 11 11
S  3  3 10 10
H  6  6  7  7
D  3  3 10 10
C  2  2 11 11
deal.143
N  8  8  5  5
S  8  8  5  5
H  6  6  6  6
D  6  6  7  7
C  5  5  8  8
deal.144
N  4  4  8  8
S  3  3 10 10
H  6  6  7  7
D  7  7  6  6
C  3  3  9  9
deal.145
N 12 12  1  1
S 10 10  3  3
H 11 11  2  2
D 12 12  1  1
C 12 12  1  1
deal.146
N  5  5  8  8
S  7  7  6  6
H  5  5  8  8
D  3  4  9  9
C  3  3  9  9
deal.147
N  8  8  5  5
S  7  7  6  6
H  7  7  6  6
D  8  8  5  5
C  8  8  5  5
deal.148
N  5  5  3  3
S 11 11  2  2
H  8  8  4  4
D  4  4  9  9
C  6  6  6  6
deal.149
N 11 11  2  2
S  9  9  4  4
H  9  9  4  4
D  9  9  4  4
C  9  9  4  4
deal.15
N  3  3 10 10
S  4  4  9  9
H  3  3  9  9
D  3  3 10  9
C  3  3  9  9
deal.150
N  1  1 12 12
S  2  2 11 11
H  1  1 12 12
D  4  4  9  9
C  4  4  9  9
deal.151
N  6  6  6  6
S  9 10  3  3
H  7  7  6  6
D  9  9  4  4
C  6  6  7  7
deal.152
N  4  4  6  6
S  2  2 10 11
H  3  3 10 10
D  2  2 10 10
C  8  8  4  5
deal.153
N  6  6  7  7
S  6  6  7  7
H  7  7  6  6
D  5  5  7  7
C  3  3  9  9
deal.154
N  1  1 11 11
S  7  7  6  6
H  6  6  7  7
D  1  1 11 11
C  1  1 11 11
deal.155
N  5  5  7  7
S  5  5  8  8
H  7  7  5  5
D  5  5  8  8
C  8  8  5  5
deal.156
N  5  5  6  6
S  6  7  6  6
H  4  4  9  9
D  8  8  4  4
C  6  7  6  6
deal.157
N  8  8  5  5
S  9  9  4  4
H  6  6  7  7
D 10 10  3  3
C  8  8  3  3
deal.158
N  7  7  6  6
S  8  8  3  3
H  7  7  6  6
D  9  9  3  3
C  6  6  6  6
deal.159
N 12 12  0  0
S  9  9  4  4
H  8  8  3  3
D 11 10  0  0
C 10 10  3  3
deal.16
N  5  5  7  7
S  6  6  7  7
H  7  7  6  6
D  4  4  9  9
C  5  5  7  7
deal.160
N  4  4  8  8
S  7  7  5  5
H  3  3 10 10
D  6  6  7  7
C  2  3 10 10
deal.161
N  6  8  2  2
S 10 11  2  2
H  6  7  6  6
D  8  9  3  3
C  9 11  2  2
deal.162
N  7  7  4  4
S  6  6  7  7
H  8  8  5  5
D 10 10  3  3
C  6  6  7  7
deal.163
N  4  5  8  6
S  3  3  9  9
H  4  4  9  9
D  6  7  6  6
C  4  4  9  9
deal.164
N  5  5  6  7
S  6  6  7  7
H  4  4  9  9
D  5  5  8  8
C  7  7  5  5
deal.165
N  1  1 11 10
S  4  4  9  9
H  1  1 12 12
D  1  1 12 12
C  7  7  6  6
deal.166
N 12 12  1  1
S  6  6  7  7
H  9  8  4  4
D 12 12  1  1
C 10 10  2  2
deal.167
N  3  3  9  9
S  6  6  7  7
H  5  5  8  8
D  3  3  8  8
C  3  3 10 10
deal.168
N  3  3 10 10
S  3  3  9  9
H  3  3  8  8
D  5  5  8  8
C  4  4  9  9
deal.169
N  8  8  5  5
S  3  3 10 10
H  7  7  5  5
D  7  7  3  3
C  9  9  4  4
deal.17
N  9  9  2  2
S 11 11  2  2
H  7  7  5  5
D  6  6  7  7
C 11 11  1  1
deal.170
N  9  9  3  3
S  9  9  3  3
H  5  5  8  8
D 10 10  3  3
C  8  8  3  3
deal.171
N  3  3 10 10
S  3  3 10 10
H  3  3 10 10
D  5  5  7  7
C  5  5  7  7
deal.172
N  5  5  4  3
S  5  5  8  8
H 10 10  3  2
D 11 11  2  2
C 11 11  2  2
deal.173
N  7  7  4  4
S  3  3 10 10
H  4  4  8  8
D  3  3 10 10
C  9  9  3  3
deal.174
N  4  4  8  8
S  3  3 10 10
H  5  5  7  7
D  5  5  8  8
C  4  4  9  9
deal.175
N  9  9  3  3
S  8  8  5  5
H 10 10  1  1
D  8  8  5  5
C  6  6  6  6
deal.176
N  4  4  8  8
S  7  8  5  5
H  3  3 10 10
D  3  3 10 10
C  5  5  8  6
deal.177
N  6  6  6  6
S  8  8  5  5
H  2  2 11 11
D  3  3 10 10
C  7  7  6  6
deal.178
N  4  4  5  5
S  5  5  8  8
H  5  5  8  8
D  6  6  7  7
C  8  8  5  5
deal.179
N  3  3 10 10
S  9  9  4  4
H  7  7  4  4
D  0  0 13 13
C  7  7  5  5
deal.18
N  5  5  5  5
S  7  7  5  5
H  8  8  4  4
D  4  4  9  9
C  9  9  4  4
deal.180
N  3  3  7  7
S  2  2 11 11
H  2  2 11 11
D 10 10  3  3
C  9  9  3  3
deal.181
N  4  4  9  9
S  4  4  9  9
H  6  6  6  6
D  3  3  9  9
C  3  3  9  9
deal.182
N  5  5  8  7
S  4  4  9  9
H  6  6  7  7
D  4  4  9  8
C  4  4  9  9
deal.183
N  7  7  4  4
S  8  8  5  5
H  6  6  6  6
D  5  5  8  8
C  9  9  3  3
deal.184
N  9  9  3  3
S 11 11  1  1
H  9  9  3  3
D  5  5  7  7
C  3  3 10 10
deal.185
N 11 11  1  1
S  8  8  5  5
H  8  8  5  5
D 12 12  1  1
C 11 11  1  1
deal.186
N  2  2 10 10
S  2  2 11 11
H  1  1 11 11
D  3  3  9  9
C  2  2 11 11
deal.187
N  6  6  6  6
S  8  8  5  5
H  6  6  7  7
D  5  5  8  8
C  8  8  5  5
deal.188
N  5  5  6  6
S  3  3  9  9
H  6  6  5  5
D  6  6  7  7
C  9  9  4  4
deal.189
N  4  4  6  6
S  6  6  7  7
H  4  4  9  9
D  7  7  5  5
C  5  5  6  6
deal.19
N  8  8  5  5
S  7  7  5  5
H  9  9  4  4
D  7  7  6  6
C  6  6  7  7
deal.190
N  6  6  6  6
S  7  7  4  4
H  7  7  4  4
D  5  5  8  8
C  8  8  4  4
deal.191
N  9  9  4  4
S 10 10  3  3
H  8  8  5  5
D  7  7  5  5
C 10 10  2  2
deal.192
N  2  2  9  9
S  2  2 10 10
H  2  2  8  8
D  7  7  6  6
C  5  5  7  8
deal.193
N 10 10  3  3
S 10 10  3  3
H  7  7  6  6
D  9  9  4  4
C  8  8  5  5
deal.194
N  3  3 10 10
S  5  5  8  8
H  1  0 12 12
D  2  2 10 10
C  2  2 11 11
deal.195
N  6  6  7  7
S  4  4  9  9
H  6  6  7  7
D  6  6  7  7
C 10 10  3  3
deal.196
N 12 12  1  1
S 12 12  1  1
H  6  6  7  7
D  7  7  6  6
C 12 12  1  1
deal.197
N 11 11  1  1
S  7  7  6  6
H  5  5  8  8
D  8  8  1  1
C 11 12  1  1
deal.198
N  8  8  5  5
S  6  6  6  6
H 10 10  3  3
D  5  5  8  8
C  4  4  9  9
deal.199
N  7  7  6  6
S  4  4  9  9
H  5  5  6  7
D  5  5  7  7
C  8  8  5  5
deal.2
N  7  7  4  4
S 10 10  2  2
H  9  9  4  4
D  5  5  8  8
C  4  4  9  9
deal.20
N  2  2  7  7
S  1  1 11 11
H  7  7  5  5
D  8  8  5  5
C  1  1 11 11
deal.200
N  2  2  7  7
S  1  1 11 11
H  9  9  4  4
D  1  1 11 11
C  9  9  4  4
deal.201
N  6  6  7  7
S  6  6  5  5
H  7  7  6  6
D  8  8  5  5
C  8  8  4  4
deal.202
N  5  5  7  7
S  4  4  8  8
H  7  7  6  6
D  8  8  5  5
C  5  5  8  8
deal.203
N  6  6  6  6
S  9  9  3  3
H  5  5  8  8
D  4  4  9  9
C  8  8  4  4
deal.204
N  5  5  8  8
S  6  6  7  7
H  7  7  6  6
D  4  4  8  8
C  4  4  8  8
deal.205
N  9  9  3  3
S 11 11  2  2
H  8  8  5  5
D 10 10  3  3
C  6  5  7  7
deal.206
N  9  9  2  2
S  8  8  4  4
H  9  9  4  4
D  9  9  4  4
C 11 11  2  2
deal.207
N  4  3  9  9
S  2  2 10 10
H  3  3 10 10
D  5  5  8  8
C  4  4  9  9
deal.208
N  5  5  8  8
S  5  5  7  7
H  4  4  9  9
D  5  5  8  8
C  7  7  6  6
deal.209
N  4  4  1  1
S  6  5  6  6
H 12 11  1  1
D 12 11  0  0
C  4  4  9  9
deal.21
N  2  2 10 10
S  4  4  9  9
H  3  3 10 10
D  3  3  9  9
C  4  4  8  8
deal.210
N  7  7  5  5
S 10 10  3  3
H  7  7  6  6
D  6  6  7  7
C  5  5  8  8
deal.211
N  6  6  3  3
S  8  8  4  4
H 10 10  2  2
D 10 10  3  3
C  4  4  9  9
deal.212
N  4  4  6  6
S  5  5  8  8
H  3  3  9  9
D 10 10  3  3
C  1  1 11 11
deal.213
N 10 10  3  3
S  8  8  3  3
H  6  6  6  6
D  8  8  4  4
C  7  7  6  6
deal.214
N  9  9  3  3
S  9  9  4  4
H  8  8  5  5
D  8  8  5  5
C  9  9  4  3
deal.215
N  7  7  5  5
S  9  9  3  3
H  7  6  5  5
D  6  6  7  7
C 10 10  3  3
deal.216
N  6  5  7  7
S  8  8  5  5
H  7  6  6  6
D  4  4  9  9
C  7  7  6  6
deal.217
N  5  5  8  8
S  1  1 12 12
H  7  7  5  5
D  6  6  6  6
C  5  5  8  8
deal.218
N  3  3  6  6
S  5  5  8  8
H  2  2 11 11
D  9  9  4  4
C  7  7  4  4
deal.219
N  6  6  4  4
S  3  3  9  9
H  8  8  4  4
D  9  9  4  4
C  4  4  8  8
deal.22
N  9  9  4  3
S  9  9  4  4
H  5  5  8  8
D  9  9  4  3
C  7  7  5  5
deal.220
N 12 12  1  1
S  7  7  6  6
H  9  9  4  4
D 12 12  1  1
C 10 10  3  3
deal.221
N  1  1 11 11
S  4  4  9  9
H  1  1 12 12
D  3  3 10 10
C  1  1 12 12
deal.222
N  2  3  7  7
S  4  4  9  9
H  7  7  5  5
D  1  2 11 11
C  4  4  9  9
deal.223
N  6  6  5  5
S  3  3 10 10
H  8  8  4  4
D  6  6  6  6
C 10 10  3  3
deal.224
N  1  1 12 12
S  2  2 11 11
H  1  1 11 12
D  1  1 12 12
C  3  3 10 10
deal.225
N  4  4  9  9
S  3  3  9  9
H  3  3  9  9
D  4  4  8  8
C  4  4  8  9
deal.226
N  6  6  6  6
S  8  8  5  5
H  6  6  6  6
D  7  7  6  6
C  6  6  6  6
deal.227
N  5  4  8  8
S 10  9  3  3
H  5  5  7  7
D  6  5  6  6
C  6  5  7  7
deal.228
N 10 10  3  3
S 11 11  2  2
H  6  6  6  6
D  6  6  6  6
C  6  6  6  6
deal.229
N  5  5  7  8
S  5  5  8  8
H  6  6  5  5
D  4  4  8  8
C  5  5  7  8
deal.23
N  4  4  8  8
S  6  6  7  7
H  4  4  9  9
D  8  8  5  5
C  4  4  9  9
deal.230
N  5  5  8  8
S  8  8  5  5
H  3  3  9  9
D 10 10  3  3
C  8  8  5  5
deal.231
N  7  7  6  6
S  6  6  7  7
H  6  6  6  7
D  9  9  4  4
C  8  8  4  5
deal.232
N  9  9  4  2
S 11 11  1  1
H 11 11  2  2
D  9  9  3  3
C 10 10  3  3
deal.233
N  2  2 11 11
S  1  1 12 12
H  4  4  8  8
D  2  2 11 11
C  3  3  9  9
deal.234
N  6  6  3  3
S  7  7  3  3
H  5  5  7  7
D 10 10  3  3
C  6  6  7  7
deal.235
N  6  6  7  7
S  5  5  8  8
H  4  4  9  9
D  4  4  8  8
C  9  9  4  4
deal.236
N 12 12  1  1
S 12 12  1  1
H 12 12  1  1
D  9  9  4  4
C 11 11  2  2
deal.237
N  5  5  6  6
S  9  9  3  3
H  2  2 11 11
D 12 12  1  1
C  8  8  3  3
deal.238
N 11 11  1  1
S  7  7  6  6
H 11 11  2  2
D 11 11  1  1
C 11 11  2  2
deal.239
N  6  6  5  5
S  5  4  8  8
H  8  8  5  5
D  9  9  4  4
C  4  4  9  8
deal.24
N  2  2 10 10
S  3  3 10 10
H  2  2 11 11
D  2  2 11 11
C  5  5  8  8
deal.240
N  9  9  3  3
S 11 11  0  0
H  3  3 10 10
D  3  3  7  7
C  9  8  3  3
deal.241
N  0  0 13 13
S  0  0 13 12
H  1  1 12 12
D  0  0 13 13
C  6  6  7  7
deal.242
N  8  8  5  5
S  6  7  6  5
H  7  7  5  5
D  5  5  7  7
C 11 11  2  2
deal.243
N  2  2  9  9
S  6  7  6  6
H  1  1 11 11
D  4  4  9  9
C  1  1 11 11
deal.244
N  8  8  4  4
S  7  7  6  6
H  7  7  6  6
D 10  9  4  4
C 10  9  4  3
deal.245
N  7  8  5  5
S  7  8  5  5
H  4  4  9  9
D  4  4  7  7
C  4  4  8  8
deal.246
N  5  5  5  5
S  8  8  4  5
H  7  7  5  5
D  5  5  8  8
C  6  6  7  7
deal.247
N  6  6  6  6
S  6  6  6  6
H  5  5  7  7
D  8  8  5  5
C  8  8  5  5
deal.248
N  5  5  8  8
S  5  5  7  7
H  7  7  6  6
D  7  7  5  5
C  2  2 10 10
deal.249
N  5  5  6  6
S  7  7  5  5
H  7  7  5  5
D  8  8  5  5
C  4  4  8  8
deal.25
N  7  7  6  6
S  3  3 10 10
H 10 10  3  3
D  5  5  8  8
C  6  6  5  5
deal.250
N  4  4  6  6
S  9  9  4  4
H  3  3  9  9
D  3  3 10 10
C  9  9  4  4
deal.251
N  3  3  8  8
S  9  9  4  4
H  2  2 11 11
D  2  2 10 10
C  8  8  4  4
deal.252
N  2  2  8  8
S  9  9  4  4
H  1  1 11 11
D  8  8  5  5
C  2  2 11 11
deal.253
N  3  3 10 10
S  5  5  8  8
H  6  6  6  7
D  3  3 10 10
C  3  3 10 10
deal.254
N  8  8  0  0
S 10 10  0  0
H  5  5  7  7
D  4  4  8  8
C  9  9  0  4
deal.255
N  5  5  8  8
S  4  4  8  8
H  5  5  7  7
D  5  5  8  8
C  5  5  8  8
deal.256
N  3  3 10 10
S  3  3 10 10
H  5  5  7  7
D  4  4  9  9
C  4  4  9  9
deal.257
N  5  5  6  7
S  5  5  7  7
H  5  5  8  8
D  7  7  5  5
C  5  5  7  7
deal.258
N  2  2  7  7
S  7  7  5  5
H  2  2 11 10
D  6  6  7  6
C  8  8  5  5
deal.259
N  7  7  4  4
S  6  6  6  6
H  8  8  5  5
D  7  7  6  6
C  6  6  5  5
deal.26
N  5  5  6  6
S 10 10  2  2
H  4  4  9  9
D 10 10  3  3
C 10 10  3  3
deal.260
N  9  8  4  4
S  8  8  4  4
H  7  6  6  6
D  7  6  6  5
C  9  9  3  3
deal.261
N  6  7  6  6
S  7  8  5  5
H  6  6  7  7
D  5  5  8  8
C  9  9  4  4
deal.262
N  2  2 11 10
S  5  5  8  8
H  3  3 10 10
D  3  3 10 10
C  1  1 12 12
deal.263
N  4  4  7  7
S  5  5  7  7
H  7  7  6  6
D  4  4  9  9
C  6  6  6  6
deal.264
N  5  5  8  8
S  6  6  7  7
H  4  4  9  9
D  7  7  5  5
C  4  4  9  9
deal.265
N  3  3  9  9
S  3  3 10 10
H  2  2 10 10
D  8  8  4  5
C  8  8  5  5
deal.266
N  2  2 11 11
S  2  2 11 11
H  6  6  7  7
D  2  2 11 11
C  1  1 12 12
deal.267
N  2  2 11 11
S  5  5  8  8
H  3  3  9  9
D  7  7  6  6
C  2  2 11 10
deal.268
N  4  4  8  8
S  6  6  6  6
H  6  6  7  7
D  4  4  9  9
C  9  9  3  3
deal.269
N  9  9  1  1
S 12 12  1  1
H 12 12  1  1
D  6  6  7  7
C  5  5  8  8
deal.27
N  7  7  2  2
S 11 11  2  2
H 10 10  2  2
D 11 11  1  2
C  7  7  6  6
deal.270
N  8  8  4  4
S  7  7  6  6
H  4  4  9  9
D  6  7  6  6
C  3  3 10 10
deal.271
N  6  6  6  6
S  5  5  8  8
H  8  8  5  5
D  9  9  4  4
C  6  6  7  7
deal.272
N  4  4  4  4
S  4  4  9  9
H  1  1 11 11
D  2  2  9  9
C  9  9  4  4
deal.273
N  8  8  4  4
S  4  4  8  8
H  5  5  8  8
D  9  9  4  4
C  9  9  3  3
deal.274
N  8  8  5  5
S  5  5  8  8
H  6  6  7  7
D  7  7  6  6
C  9  9  3  3
deal.275
N  5  7  6  6
S  5  6  7  7
H  5  5  8  7
D  8  8  5  4
C  5  5  8  8
deal.276
N  5  5  6  6
S  3  3 10 10
H  7  7  6  6
D  3  3 10 10
C  4  4  7  7
deal.277
N  5  5  7  7
S  2  2 11 11
H  7  7  6  6
D  3  3 10 10
C  2  2 11 11
deal.278
N  7  7  5  5
S  8  8  4  4
H  6  6  7  7
D  5  5  7  7
C  8  8  5  5
deal.279
N  2  2 11 11
S  2  2 11 11
H  2  2 11 11
D  6  6  7  7
C  2  2 10 11
deal.28
N  5  5  7  7
S  3  3  8  9
H  7  7  5  5
D  6  6  6  6
C  5  5  8  8
deal.280
N  4  4  7  7
S  2  2 11 11
H  2  2 10 10
D  7  7  6  6
C  4  4  6  6
deal.281
N  1  1  7  7
S  6  6  4  4
H  1  1 12 12
D  1  1 12 12
C  7  7  4  4
deal.282
N  2  2  8  8
S  6  6  7  7
H  2  2 11 11
D  6  6  7  7
C  3  3 10 10
deal.283
N  6  6  7  7
S  4  4  8  8
H  6  6  7  7
D  4  4  8  8
C  6  6  7  7
deal.284
N  5  5  8  8
S  6  6  7  7
H  4  4  9  9
D  3  3 10 10
C  4  4  8  8
deal.285
N  4  4  7  7
S  6  6  7  7
H  7  7  5  5
D  4  4  8  8
C  2  2 11 11
deal.286
N  3  3  6  6
S  5  5  7  8
H  2  2 10 10
D  2  2 11 11
C  7  7  6  6
deal.287
N 13 13  0  0
S 13 13  0  0
H 13 13  0  0
D  8  8  5  5
C 10 10  2  2
deal.288
N  5  5  6  6
S  3  3 10 10
H  3  3 10 10
D  4  4  9  9
C  8  8  5  5
deal.289
N  7  7  6  6
S  7  7  6  6
H  5  5  8  8
D  3  3 10 10
C  7  7  6  6
deal.29
N  8  8  5  5
S  8  8  5  5
H  9  9  3  3
D  8  8  5  5
C  7  7  6  6
deal.290
N  0  0 11 11
S  6  6  6  6
H  4  4  9  9
D  2  2 10 10
C  0  0 11 11
deal.291
N  4  4  8  7
S  6  6  6  6
H  4  4  9  9
D  8  8  4  4
C  3  3 10 10
deal.292
N  5  4  7  5
S  8  8  5  4
H  3  3 10  9
D  4  4  9  9
C  5  3  8  8
deal.293
N  2  2 11 11
S  3  3  9  9
H  2  2 11 11
D  6  6  7  7
C  2  2 11 11
deal.294
N  7  7  5  5
S  6  6  6  6
H  8  8  5  5
D  5  5  8  8
C  8  8  4  4
deal.295
N  4  4  8  8
S  8  8  5  5
H  2  2 10 10
D  7  7  5  5
C  2  2 10 10
deal.296
N  7  7  6  6
S  7  7  6  6
H  5  5  8  8
D  4  4  9  9
C  7  7  6  6
deal.297
N  5  5  8  8
S  4  4  9  9
H  8  8  4  5
D  8  8  4  4
C  4  4  9  9
deal.298
N  8  8  5  5
S  6  5  7  7
H  9  9  4  4
D  5  5  8  8
C  4  4  9  9
deal.299
N  0  0 13 13
S  0  0 13 13
H  0  0 13 13
D  2  2 11 11
C  6  6  7  7
deal.3
N  5  5  7  8
S  8  8  5  5
H  6  6  6  6
D  6  6  6  6
C  4  4  9  9
deal.30
N  5  5  7  8
S  2  2 11 11
H  3  3 10 10
D  2  2 11 11
C  8  8  5  5
deal.300
N  9  9  3  4
S  9  8  3  4
H  8  8  4  4
D  8  8  4  5
C  7  7  6  6
deal.301
N  6  6  6  7
S  7  7  3  5
H  7  6  4  5
D  8  8  5  5
C  6  6  6  7
deal.302
N 10 10  3  3
S 10 10  2  2
H 10 10  3  3
D  9  9  4  4
C  8  8  5  5
deal.303
N  8  8  4  4
S  5  5  7  7
H  9  9  3  3
D  9  9  2  2
C  5  5  6  6
deal.304
N  6  6  7  7
S  7  7  6  6
H  5  6  7  7
D  7  8  5  5
C  6  6  7  7
deal.305
N 11 11  2  2
S 12 12  1  1
H  9  9  4  4
D 11 11  2  2
C 11 12  1  1
deal.306
N  6  6  5  5
S  2  2 11 11
H  9  9  3  3
D  7  8  5  5
C  2  2 11 11
deal.307
N  7  7  5  5
S  6  6  7  7
H  5  5  8  8
D  8  8  4  4
C  9  9  4  4
deal.308
N  3  3 10 10
S  4  4  8  8
H  2  2 11 11
D  5  5  8  8
C  6  6  7  7
deal.309
N  7  7  6  6
S  8  8  5  5
H  3  3 10 10
D  3  3  9  9
C 10 10  2  2
deal.31
N  2  2  8  8
S  7  7  6  6
H  1  1 12 12
D  1  1 11 11
C  6  6  7  7
deal.310
N 10 10  3  3
S  9  9  4  4
H 13 13  0  0
D  8  8  5  5
C  6  6  7  7
deal.311
N  6  6  6  6
S  4  4  9  9
H  5  4  8  8
D  8  8  5  5
C  8  8  5  5
deal.312
N  5  5  8  8
S  7  7  6  6
H  7  7  5  5
D  4  4  8  8
C  3  3  9  9
deal.313
N  2  2  6  6
S  8  8  5  5
H  1  1 11 11
D  8  8  5  5
C  1  1 11 11
deal.314
N  4  4  5  5
S  1  2 11 11
H  7  7  5  6
D  1  1 12 12
C 10 10  3  3
deal.315
N  7  7  6  6
S  6  6  6  6
H  8  8  5  5
D  9  9  4  4
C  6  6  7  7
deal.316
N  3  3  9  9
S  6  6  6  6
H  5  5  7  7
D  3  3 10 10
C  3  3 10 10
deal.317
N  7  7  4  4
S  4  4  9  9
H 10 10  3  3
D  6  6  7  7
C  6  6  6  6
deal.318
N 13 13  0  0
S 13 13  0  0
H  6  6  5  5
D 13 13  0  0
C  5  5  8  8
deal.319
N  6  6  6  6
S  7  7  6  6
H  5  5  8  7
D  7  7  5  5
C  8  8  5  5
deal.32
N  3  3 10 10
S  4  4  8  8
H  4  4  9  9
D  7  7  6  6
C  3  3 10 10
deal.320
N  6  6  6  6
S  3  3 10 10
H  4  4  9  9
D  8  8  5  5
C  4  4  9  9
deal.321
N 10 10  3  3
S  9  9  4  4
H  8  8  4  4
D 10 10  2  2
C  8  8  5  5
deal.322
N  3  3 10 10
S  6  6  6  6
H  7  7  6  6
D  1  1 11 11
C  3  3  9  9
deal.323
N  4  4  9  9
S  6  6  7  7
H  8  8  4  5
D  2  2  8  9
C  5  5  7  7
deal.324
N  3  3  7  7
S  2  2 11 11
H  2  2 10 10
D  9  9  4  4
C  5  5  8  8
deal.325
N  5  5  7  7
S  8  8  5  5
H  6  6  6  6
D  5  5  7  7
C  7  7  5  5
deal.326
N  4  4  6  6
S  7  7  6  6
H  2  2 11 11
D  8  8  5  5
C  2  2 11 11
deal.327
N  9  9  4  4
S  8  8  5  5
H  6  6  7  7
D 10 10  3  3
C  6  6  6  6
deal.328
N  7  7  6  6
S  6  6  7  7
H  2  2 11 11
D  7  8  5  5
C  5  5  7  7
deal.329
N  7  6  6  6
S  7  7  6  6
H  6  7  6  6
D  8  8  5  5
C  5  5  7  8
deal.33
N  1  1  7  7
S  1  1 12 12
H  8  8  5  5
D  2  2 10 10
C  5  5  8  8
deal.330
N  7  7  6  6
S  7  7  6  6
H  7  7  6  6
D  7  7  6  6
C  8  9  4  4
deal.331
N  5  5  8  8
S  4  4  9  9
H  7  7  6  6
D  3  3 10 10
C  7  7  4  5
deal.332
N  4  4  7  7
S  7  7  6  6
H  5  5  7  7
D  4  4  9  9
C  5  5  7  7
deal.333
N  7  7  6  6
S  9  9  4  4
H  5  5  8  8
D  4  4  9  9
C  9  9  4  4
deal.334
N 10 10  3  3
S 10 10  3  3
H  7  7  5  5
D  8  8  5  5
C 11 11  2  2
deal.335
N  7  7  6  6
S  2  2 11 11
H  2  2 11 11
D  9  9  3  3
C  9  9  3  3
deal.336
N  4  4  7  7
S  5  5  8  8
H  2  2 11 11
D  6  6  6  6
C  2  2 11 11
deal.337
N  6  6  7  7
S  4  3  9  9
H  7  7  6  6
D  4  4  9  9
C  8  8  5  5
deal.338
N  1  1 12 12
S  1  1 12 12
H  0  0 13 13
D  1  1 12 12
C  1  1 12 12
deal.339
N  9  9  4  4
S  5  6  7  7
H 10 10  3  3
D  8  9  4  4
C  7  7  5  5
deal.34
N  1  1 11 11
S  5  5  7  7
H  1  1 10 10
D  5  5  8  8
C  1  1 10 10
deal.340
N  2  2 10 10
S  2  2 10 10
H  1  1 12 12
D  4  4  9  9
C  5  5  8  8
deal.341
N  7  7  6  6
S  7  7  5  5
H  9  9  4  4
D  9  9  3  3
C  8  8  3  3
deal.342
N  4  4  9  8
S  3  3 10 10
H  5  5  8  8
D  5  5  8  8
C  4  5  8  8
deal.343
N  2  2 11 11
S  1  1 12 12
H  4  4  9  9
D  3  3 10 10
C  2  2 11 11
deal.344
N  4  4  9  9
S  3  3  9  9
H  6  6  7  7
D  4  4  8  8
C  1  1 11 11
deal.345
N  7  7  2  2
S  9  9  4  4
H 10  9  3  3
D  9  9  4  4
C  4  4  9  9
deal.346
N  1  1 11 11
S  5  5  8  7
H  1  0 12 12
D  6  6  7  7
C  2  2 11 11
deal.347
N  6  6  7  7
S  6  6  7  7
H  8  8  4  4
D  4  4  9  9
C  3  3 10 10
deal.348
N  7  7  6  6
S  9  9  3  3
H  7  7  6  6
D  5  5  7  8
C  8  8  5  5
deal.349
N  8  8  5  5
S  3  3  8  8
H 10 10  3  3
D  9  9  3  3
C  3  3  9  9
deal.35
N  7  7  6  6
S  8  8  4  4
H  3  3 10 10
D  3  3  9 10
C  6  6  7  7
deal.350
N  4  4  9  9
S  6  6  7  7
H  3  3  9  9
D  4  5  8  8
C  5  5  8  8
deal.351
N  8  8  5  5
S 13 13  0  0
H  5  5  8  8
D  7  7  5  5
C 11 11  2  2
deal.352
N  7  7  6  6
S  9  9  4  4
H  4  4  9  8
D  5  5  7  7
C  8  8  4  4
deal.353
N  7  7  6  6
S  7  7  6  6
H  6  6  6  6
D  6  7  6  6
C  9  9  4  4
deal.354
N  2  2 11 11
S  2  2  9  9
H  1  1 12 12
D  7  7  5  5
C  1  1 12 12
deal.355
N  8  8  5  5
S  8  8  5  5
H  9  9  4  4
D  9  9  4  4
C  5  5  7  7
deal.356
N  6  6  3  3
S  8  8  3  3
H  9  9  3  3
D  3  3 10 10
C  4  4  9  9
deal.357
N  9  9  4  4
S  6  6  7  7
H  9  9  3  3
D  9  9  4  4
C 10 10  2  2
deal.358
N  8  8  4  4
S  9  9  4  4
H  6  6  6  6
D  6  6  7  7
C 10 10  3  3
deal.359
N  6  6  7  7
S  6  6  7  7
H  3  3 10 10
D  3  3 10 10
C  6  6  6  6
deal.36
N  7  7  1  1
S 12 12  0  0
H  6  6  6  6
D  9  9  2  2
C 12 12  0  0
deal.360
N  9  9  4  4
S  7  7  5  6
H  9  9  4  4
D 11 11  2  2
C  8  8  5  5
deal.361
N  2  2 10 10
S  4  4  8  8
H  5  5  7  7
D  2  2 11 11
C  1  1 11 11
deal.362
N 12 12  0  0
S 12 12  1  1
H  7  7  6  6
D 10 10  2  2
C  4  4  9  9
deal.363
N  6  6  7  7
S  8  8  4  4
H  7  7  6  6
D  6  6  6  6
C  7  7  5  5
deal.364
N  0  0 12 12
S  3  3 10 10
H  0  0 12 12
D  5  5  7  7
C  0  0 12 12
deal.365
N  3  3 10 10
S  3  3 10 10
H  5  5  8  8
D  2  2 11 11
C  2  2 10 10
deal.366
N  0  0 13 13
S  0  0 13 13
H  6  6  7  7
D  6  6  7  7
C  0  0 13 13
deal.367
N  7  7  5  5
S  9  9  4  4
H  9  9  4  3
D  4  4  8  8
C  5  5  8  8
deal.368
N 10 10  2  2
S 10 10  2  2
H 10 10  3  3
D  7  7  5  5
C 11 11  2  2
deal.369
N  6  6  5  5
S  9  9  4  4
H  6  6  6  6
D 10 10  3  3
C  9  9  3  3
deal.37
N 11 11  2  2
S 13 13  0  0
H 13 13  0  0
D  8  8  5  5
C  8  8  5  5
deal.370
N  6  6  7  6
S  5  5  8  8
H  6  6  7  7
D  7  8  5  5
C  7  7  6  5
deal.371
N 13 13  0  0
S 13 13  0  0
H 13 13  0  0
D  8  8  4  4
C  9  9  4  4
deal.372
N  9  9  3  3
S 10 10  3  3
H  6  6  7  7
D  6  6  5  5
C  6  6  6  6
deal.373
N 12 12  1  1
S 11 11  2  2
H 11 11  2  2
D 13 13  0  0
C 13 12  0  0
deal.374
N  7  7  6  6
S  8  8  3  4
H  9  9  4  4
D  9  9  4  4
C  5  5  7  8
deal.375
N  0  0 12 12
S  0  0 12 12
H  4  4  9  9
D  0  0 12 12
C  4  4  8  8
deal.376
N  3  3 10 10
S  3  3 10 10
H  4  4  8  8
D  6  6  7  7
C  2  2 10 10
deal.377
N  8  8  4  4
S  4  4  6  6
H  4  4  6  6
D  7  7  4  4
C  4  5  7  7
deal.378
N  9  9  4  4
S  9  9  4  4
H  8  8  4  4
D 10 10  3  3
C  9  9  2  2
deal.379
N  8  8  4  5
S  8  8  5  5
H  9  9  3  3
D  8  8  4  4
C  9  9  4  4
deal.38
N  8  8  3  3
S  9  9  3  3
H  8  8  5  5
D 11 11  2  2
C  5  5  7  7
deal.380
N  2  2 11 11
S  2  2 11 11
H  3  3 10 10
D  7  7  6  6
C  7  7  6  6
deal.381
N  7  7  6  6
S  4  5  8  8
H  8  8  4  4
D  4  4  9  9
C  6  6  6  6
deal.382
N  4  4  9  9
S  3  3  9  9
H  2  2 10 10
D  2  2 10 10
C  4  4  9  9
deal.383
N  2  2 11 11
S  2  2 11 11
H  5  5  8  8
D  1  1 12 12
C  4  4  9  9
deal.384
N 11 11  2  2
S 11 11  2  1
H 10 10  2  2
D 11 11  2  2
C  5  5  7  7
deal.385
N  6  6  7  6
S  4  4  9  8
H  9  9  4  4
D  7  7  6  6
C  5  5  7  7
deal.386
N  4  4  8  8
S  5  5  8  8
H  5  5  8  8
D  4  4  9  9
C  6  6  7  7
deal.387
N  8  8  5  5
S  6  6  7  7
H  5  5  7  7
D  8  8  4  4
C  6  6  7  7
deal.388
N  6  6  6  6
S  7  8  5  5
H  6  6  7  6
D  7  7  6  6
C  7  7  5  5
deal.389
N  4  4  8  8
S  4  4  8  8
H  7  7  6  6
D  4  4  8  8
C  3  3 10 10
deal.39
N  8  9  4  4
S  8  8  4  4
H  7  7  6  6
D  8  9  4  4
C  9  9  4  4
deal.390
N  5  5  8  8
S  4  4  9  9
H  2  2 10 10
D  6  6  7  7
C  2  2 10 10
deal.391
N 10 10  3  3
S 10 10  3  3
H  9  9  3  3
D  5  5  8  8
C  8  8  4  4
deal.392
N 13 13  0  0
S 11 11  2  2
H 13 13  0  0
D 11 11  2  2
C 13 13  0  0
deal.393
N  5  5  6  6
S  6  6  5  6
H  4  4  9  9
D  7  7  5  5
C  6  6  7  7
deal.394
N  3  3 10  9
S  4  3  9  9
H  4  4  9  9
D  2  2 11 10
C  3  3 10 10
deal.395
N  7  8  5  5
S  5  6  7  7
H  5  5  8  8
D  8  8  4  4
C  5  5  8  8
deal.396
N  6  6  6  6
S  4  4  9  9
H  7  6  6  6
D  8  8  5  5
C  8  8  5  5
deal.397
N  3  3  9  9
S  2  2 11 11
H  8  8  5  5
D  5  5  8  8
C  7  7  5  6
deal.398
N  7  7  6  6
S  6  6  7  7
H  7  7  6  6
D  8  8  4  4
C  4  4  9  9
deal.399
N  6  6  6  6
S  6  6  7  7
H  8  8  5  5
D  9  9  4  4
C  9  9  4  4
deal.4
N  5  5  8  8
S  4  4  8  8
H  5  5  7  7
D  2  2 10 10
C  4  4  8  8
deal.40
N  7  7  5  5
S  9  9  3  3
H 10 10  3  3
D  6  6  5  5
C  3  3  9  9
deal.400
N  7  7  6  6
S  9  9  4  4
H  9  9  4  4
D  6  6  7  7
C  6  6  7  7
deal.401
N 12 12  1  1
S  9  9  4  4
H 11 11  2  2
D  8  8  5  5
C 12 12  1  1
deal.402
N  7  7  6  6
S  7  7  6  6
H  3  3  9  9
D  3  3  9  9
C  7  7  6  6
deal.403
N  9  9  4  4
S  9  9  4  4
H  5  6  7  7
D  6  6  6  7
C  6  6  7  7
deal.404
N  5  5  8  8
S  5  5  7  7
H  5  5  7  7
D  6  6  7  7
C  4  4  8  8
deal.405
N  5  5  5  5
S  1  1 12 12
H  6  6  6  6
D  9  9  4  4
C  5  5  6  6
deal.406
N 11 11  1  1
S  9  9  4  4
H 12 12  1  0
D 12 12  1  1
C 12 12  1  1
deal.407
N  7  7  5  5
S  6  5  7  7
H 10 10  3  3
D  3  3 10 10
C  6  5  7  7
deal.408
N 13 13  0  0
S  7  7  5  5
H 13 13  0  0
D  7  7  6  6
C 13 13  0  0
deal.409
N  9  9  3  3
S 10 10  3  3
H  4  4  8  8
D  4  4  9  9
C  5  5  8  8
deal.41
N  4  4  9  9
S  6  6  6  6
H  6  6  6  6
D  2  2 11 11
C  2  2  9 10
deal.410
N  6  6  5  5
S  6  6  6  6
H  7  7  6  6
D  5  5  8  8
C  7  7  4  4
deal.411
N  5  5  7  7
S 10 10  3  3
H  5  5  8  8
D  6  6  7  7
C  6  6  7  7
deal.412
N  4  4  9  9
S  5  5  6  6
H  2  2 11 11
D  5  5  7  8
C  5  5  7  7
deal.413
N  9  9  3  3
S 10 10  2  2
H  9  9  4  4
D  7  7  6  6
C  8  8  4  4
deal.414
N  3  3  8  8
S  6  6  7  7
H  2  2 11 11
D  2  2 11 11
C  6  6  6  6
deal.415
N  7  7  6  6
S  8  8  5  5
H  9  9  4  4
D 10 10  3  3
C  5  5  8  8
deal.416
N  8  8  5  5
S  8  8  5  5
H  8  8  5  5
D  8  8  5  5
C  8  8  5  5
deal.417
N  7  7  5  5
S  3  3  9  9
H  9  9  3  3
D  6  6  7  7
C  5  5  5  5
deal.418
N  7  7  6  6
S  4  4  8  8
H  7  7  6  6
D  6  6  7  7
C  4  4  9  9
deal.419
N  9  9  2  2
S 10 10  2  2
H  6  6  7  7
D 11 11  2  2
C  6  6  6  6
deal.42
N  4  4  8  8
S  3  3 10 10
H  8  8  5  5
D  7  7  5  5
C  3  3 10 10
deal.420
N  9  9  4  4
S  6  5  7  7
H  9  9  4  4
D  7  7  6  6
C 10 10  3  3
deal.421
N  7  7  6  5
S  8  9  4  4
H  7  7  6  6
D  7  7  6  5
C  8  9  4  4
deal.422
N  5  5  8  7
S  5  5  8  8
H  5  5  7  7
D  5  5  8  8
C  7  7  6  6
deal.423
N  3  3 10  9
S  3  3  9  9
H  6  6  6  6
D  3  3 10 10
C  5  5  7  7
deal.424
N  9  9  4  4
S  4  4  9  9
H  8  8  5  5
D  7  7  4  4
C  7  6  6  6
deal.425
N  8  8  5  5
S  7  7  5  5
H 11 11  2  2
D  5  5  8  8
C  9  9  4  4
deal.426
N  5  5  7  7
S  3  3  9  9
H  5  5  8  8
D  4  4  9  9
C  9  9  3  3
deal.427
N  9  9  4  4
S  9  9  4  4
H  8  8  5  5
D  7  7  6  6
C  5  5  7  7
deal.428
N  8  8  3  3
S  4  4  8  8
H 10 10  2  1
D  9  9  4  4
C  8  8  3  3
deal.429
N  4  4  6  6
S  9  9  4  4
H  7  7  5  4
D  3  3  9  9
C  3  3  9  9
deal.43
N  5  4  5  7
S  5  4  8  8
H  9  8  4  4
D  9  8  4  4
C  4  4  9  9
deal.430
N 10 10  2  2
S 11 11  2  2
H  8  8  5  5
D 10 10  3  3
C 11 11  2  2
deal.431
N  7  7  3  6
S  7  7  1  2
H  6  6  6  7
D  7  7  1  4
C  9  9  2  2
deal.432
N 11 11  1  1
S 13 13  0  0
H  8  8  4  4
D 10 10  3  3
C 13 13  0  0
deal.433
N  1  1 12 12
S  1  1 12 12
H  3  3 10 10
D  6  6  7  7
C  1  1 12 12
deal.434
N  8  8  5  5
S  8  7  5  5
H  4  4  9  9
D  6  6  5  6
C  7  7  6  6
deal.435
N 12 12  1  0
S  8  8  5  1
H  6  6  7  7
D 12 12  1  0
C 11 11  1  1
deal.436
N  1  1 12 12
S  2  2 11 11
H  1  1 12 12
D  3  2 10 10
C  2  2 11 11
deal.437
N  2  2  8 10
S  2  2 11 11
H  2  2 10 11
D  7  7  5  5
C  6  6  6  6
deal.438
N  3  3 10 10
S  6  6  7  7
H  3  3  9 10
D  5  5  8  8
C  3  3 10 10
deal.439
N  7  7  6  6
S  7  7  5  5
H  7  7  6  6
D  7  7  6  5
C  5  5  8  8
deal.44
N  2  2 11 11
S  7  7  6  6
H  3  3 10 10
D  2  2 11 11
C  4  4  8  8
deal.440
N  6  6  7  7
S  7  7  6  6
H  4  4  9  9
D  6  6  7  7
C  9  9  4  4
deal.441
N  8  8  5  5
S  7  7  6  6
H  9  9  4  4
D 10 10  3  3
C  7  7  6  6
deal.442
N  5  5  8  8
S  7  7  6  6
H  3  3 10 10
D  6  6  7  7
C  1  2 11 11
deal.443
N  1  1 12 12
S  2  1 11 11
H  1  1 12 12
D  2  2 11 11
C  7  7  6  6
deal.444
N  5  5  7  7
S  4  4  8  8
H  8  8  5  5
D  4  4  8  8
C  8  8  5  5
deal.445
N  1  1 11 11
S  1  1 12 12
H  4  4  8  8
D  4  4  8  8
C  2  2 11 11
deal.446
N  4  4  6  6
S  7  7  6  6
H  6  6  6  6
D  8  8  5  5
C  4  4  9  9
deal.447
N  9  9  3  3
S  8  8  5  5
H  6  6  7  7
D 10 10  3  3
C 10 10  2  2
deal.448
N  5  5  8  8
S  4  4  9  9
H  5  5  7  7
D  5  5  8  8
C  5  5  8  8
deal.449
N  5  4  5  5
S  5  5  8  8
H  3  3 10 10
D  8  8  5  5
C  3  3 10 10
deal.45
N  1  1 12 11
S  2  2 11 10
H  1  1 12 11
D  2  2 11 11
C  7  7  6  6
deal.450
N  6  6  2  2
S 11 11  1  1
H  4  4  7  7
D 11 11  1  1
C  4  4  9  9
deal.451
N  5  5  8  8
S  7  7  5  5
H  7  7  5  5
D 10  9  3  3
C  4  4  9  9
deal.452
N  6  6  6  6
S  5  5  8  8
H  5  5  8  8
D  8  8  5  5
C  7  7  5  5
deal.453
N  5  5  8  7
S  8  8  5  4
H  5  5  6  6
D  8  8  5  5
C 10 10  3  3
deal.454
N  1  1 12 11
S  1  1 12 11
H  3  3 10 10
D  5  5  8  8
C  2  1 10 10
deal.455
N  3  3  9  9
S  3  3 10 10
H  7  7  5  5
D  7  7  5  5
C  3  3 10 10
deal.456
N  8  8  4  4
S 10 10  3  3
H  5  5  7  7
D  8  8  5  5
C  8  8  4  4
deal.457
N  3  3 10 10
S  5  5  8  7
H  4  4  9  9
D  6  6  7  7
C  2  2 10 10
deal.458
N  2  2 10 11
S  2  2 10 10
H  5  5  8  8
D  7  7  6  6
C  1  1 11 11
deal.459
N  3  2 10 10
S  4  4  9  9
H  4  2  9  9
D  3  3 10 10
C  1  1 12 12
deal.46
N 10 10  2  2
S  7  7  6  6
H  9  9  4  4
D 11 10  2  2
C 11 10  2  2
deal.460
N  8  8  5  5
S  9  9  4  4
H  9  9  3  3
D 10 10  3  3
C  8  8  5  5
deal.461
N  3  2 10 10
S  2  2 10 10
H  6  6  7  7
D  3  3  9  9
C  2  2 11 11
deal.462
N  6  5  6  6
S  5  5  7  7
H  7  7  6  6
D  7  7  6  5
C  6  5  7  7
deal.463
N  9  9  3  3
S  8  8  4  4
H 10 10  2  2
D  9  9  4  4
C 13 13  0  0
deal.464
N  6  6  7  7
S  8  8  4  4
H  6  6  7  7
D  4  4  9  9
C  9  8  4  4
deal.465
N  8  8  4  4
S  9  9  4  4
H  8  8  4  4
D  9  9  4  4
C  7  7  6  6
deal.466
N  4  4  9  9
S  4  4  9  9
H  5  5  7  8
D  5  5  7  7
C  4  4  9  9
deal.467
N 10 10  3  3
S  6  6  6  6
H  8  8  4  4
D 10 10  2  2
C  9  9  3  3
deal.468
N  9  9  4  4
S  9  9  4  4
H  8  8  5  5
D  9  9  4  4
C 10 10  3  3
deal.469
N  3  3  8  8
S  2  2 11 11
H  8  8  5  5
D  8  8  5  5
C  2  3 10 10
deal.47
N  6  6  7  6
S  6  6  7  7
H  7  7  6  6
D  7  7  6  6
C  6  5  7  7
deal.470
N  7  7  5  5
S  9  9  3  3
H  6  6  7  7
D  6  6  7  7
C 10 10  2  2
deal.471
N  8  8  4  4
S 10 10  3  3
H 10 10  3  3
D  5  5  8  8
C  8  8  5  5
deal.472
N  9 10  3  3
S  7  7  6  6
H 11 11  2  2
D 10 10  3  3
C  9  9  4  4
deal.473
N  8  8  4  5
S  7  7  5  6
H  8  8  4  5
D  6  6  6  7
C  4  4  9  9
deal.474
N 11 11  2  2
S  9 11  2  2
H 11 11  2  2
D 10 10  3  3
C 11 11  1  1
deal.475
N  3  3  9  9
S  3  3 10 10
H  5  6  7  7
D  8  8  5  5
C  3  3  9  9
deal.476
N  6  6  7  7
S  8  8  5  5
H  6  6  5  5
D  5  5  8  8
C  7  8  5  5
deal.477
N  5  5  7  7
S  4  4  9  9
H  5  5  7  7
D  7  7  5  5
C  3  3  9  9
deal.478
N  9  9  4  4
S  7  7  5  5
H  9  9  4  4
D  8  8  4  4
C  8  8  5  5
deal.479
N  2  2 10 10
S  3  3  9  9
H  4  4  9  9
D  3  3 10 10
C  2  2 11 11
deal.48
N  2  2 11 11
S  1  1 12 12
H  5  5  8  8
D  2  2 10 10
C  8  8  4  4
deal.480
N  0  0  8  8
S  0  0 11 11
H  0  0 11 11
D  9  9  4  4
C  8  8  4  4
deal.481
N  4  4  7  7
S  4  3  9  9
H  4  3  9  9
D  4  4  9  9
C  8  8  5  5
deal.482
N 11 11  2  2
S 11 11  2  2
H 11 11  2  2
D  9  9  4  4
C 11 11  2  2
deal.483
N  9  9  4  4
S  6  6  7  7
H  9  9  3  3
D  9  9  4  4
C  9  9  4  4
deal.484
N  1  1  6  6
S  1  1 12 12
H  7  7  5  5
D  1  1 12 12
C  8  8  4  4
deal.485
N  5  5  2  2
S 11 11  1  1
H 11 11  1  1
D  5  5  8  8
C  4  4  8  8
deal.486
N  0  0  9 10
S  0  0 13 13
H  0  0 13 13
D  5  5  8  8
C  5  5  8  8
deal.487
N  9  9  4  4
S  7  7  6  6
H 10 10  3  3
D  6  6  7  7
C 10 10  3  3
deal.488
N  6  6  5  5
S  5  5  7  7
H  4  4  8  8
D  6  6  5  5
C 11 11  2  2
deal.489
N  6  6  5  5
S  5  5  8  8
H  4  4  9  9
D  8  8  4  4
C  8  8  4  4
deal.49
N  6  6  7  7
S  4  4  9  9
H  6  6  6  7
D  8  8  5  5
C  4  4  8  8
deal.490
N 11 11  1  1
S 11 11  2  2
H 12 12  1  1
D  8  8  5  5
C  7  7  6  6
deal.491
N  5  6  6  6
S  5  5  8  8
H  4  4  9  9
D  7  7  6  6
C  4  4  9  9
deal.492
N  5  5  7  7
S  7  7  6  6
H  6  6  7  7
D  5  5  5  5
C  9  9  3  3
deal.493
N 10 11  1  1
S 12 12  1  1
H 11 11  1  1
D  8  9  4  4
C 10 10  3  3
deal.494
N  7  7  5  5
S  7  7  6  6
H  9  9  4  4
D  8  8  5  5
C  9  9  4  4
deal.495
N  7  7  6  6
S  8  8  5  5
H  5  5  8  8
D  9  9  3  4
C  5  5  7  7
deal.496
N  0  0 13 13
S  1  1 12 12
H  0  0 13 13
D  2  2 11 11
C  0  0 13 13
deal.497
N  6  6  5  5
S  9  9  4  4
H  2  2 11 11
D  2  2 10 11
C  9 10  3  3
deal.498
N  7  7  6  6
S  8  8  4  5
H  6  6  7  7
D  5  5  7  8
C  6  6  7  7
deal.499
N  1  1 12 12
S  8  8  4  4
H  6  6  6  7
D  8  8  4  4
C  0  0 12 13
deal.5
N  8  9  4  4
S  6  6  7  7
H  8  7  5  5
D 10 10  3  3
C 10 10  3  3
deal.50
N  2  2 11 11
S  2  2 11 11
H  0  0 11 11
D  4  4  8  8
C  3  3 10 10
deal.500
N  4  4  8  8
S  4  4  8  8
H  3  3  9  9
D  4  4  9  9
C  6  6  7  7
deal.501
N  7  7  5  5
S  8  8  4  4
H  7  7  6  6
D  7  7  6  6
C  6  6  6  6
deal.502
N  3  3 10 10
S  6  6  6  6
H  2  2 11 11
D  3  3 10 10
C  5  5  8  8
deal.503
N  9  9  4  4
S 11 11  0  0
H  3  3 10 10
D  8  8  5  5
C 10  9  2  2
deal.504
N 10 12  1  1
S  9 10  3  3
H  8  9  4  4
D 11 12  1  1
C 10 10  3  3
deal.505
N  6  6  3  3
S  7  7  5  5
H 11 11  1  1
D  4  4  8  8
C 10 10  2  2
deal.506
N  4  4  8  8
S  5  5  8  8
H  4  4  9  9
D  3  3  8  8
C  6  6  6  6
deal.507
N  3  3 10 10
S  3  3 10 10
H  6  6  5  5
D  0  0 12 12
C  7  7  6  6
deal.508
N  6  6  5  5
S  3  3 10 10
H  9  9  3  3
D  3  3  9  9
C  3  3 10 10
deal.509
N  5  5  8  8
S  4  4  9  8
H  7  7  5  5
D  7  7  5  6
C  9  9  4  4
deal.51
N  7  7  6  6
S  4  4  8  8
H  9  9  4  4
D  9  9  4  4
C  4  4  8  8
deal.510
N  6  6  6  6
S  7  7  6  6
H  5  6  7  7
D  6  6  7  7
C  5  5  7  7
deal.511
N  7  7  4  4
S 11 10  2  2
H  5  5  8  8
D  2  2 10 10
C 11 11  2  2
deal.512
N  8  8  3  3
S  8  8  5  5
H 10 10  2  2
D 10 10  2  2
C  7  6  6  6
deal.513
N  4  4  8  8
S  5  5  8  8
H  3  3 10 10
D  7  7  5  5
C  9  9  4  4
deal.514
N 11 11  2  2
S 10 10  3  3
H  7  7  6  6
D 10 10  2  2
C 12 12  1  1
deal.515
N  9 10  3  3
S  8  8  5  5
H 10 10  3  3
D  9  9  4  3
C  7  8  4  4
deal.516
N  0  0 13 13
S  0  0 13 13
H  2  2 11 11
D  0  0 13 13
C  0  0 13 13
deal.517
N  6  6  7  7
S  5  5  8  8
H  4  4  9  9
D  7  7  6  6
C  7  7  5  5
deal.518
N  5  5  8  8
S  4  4  8  8
H  7  7  6  5
D  5  5  8  8
C  6  5  7  7
deal.519
N  1  1  7  7
S  1  1 11 11
H  1  1 11 11
D  7  7  6  6
C  7  7  6  6
deal.52
N  7  7  5  5
S  5  5  7  7
H  9  9  4  4
D  9  9  4  4
C  5  5  8  8
deal.520
N  6  5  6  6
S  5  5  8  8
H  5  5  7  7
D  7  7  6  6
C  6  6  7  7
deal.521
N  5  5  7  7
S  6  6  7  7
H  7  7  5  6
D  6  6  6  6
C  7  7  6  6
deal.522
N  5  5  8  7
S  5  5  6  7
H  8  8  4  5
D  6  6  7  7
C  7  7  5  6
deal.523
N  6  7  5  5
S  4  5  8  8
H  7  8  5  5
D  6  7  5  6
C  9 10  3  3
deal.524
N  4  4  8  8
S  7  7  6  6
H  4  4  9  9
D  5  5  7  7
C  6  6  7  7
deal.525
N  5  5  8  8
S  4  4  9  9
H  6  6  7  7
D  7  7  6  6
C  5  5  8  8
deal.526
N  2  2  9  9
S  9  9  4  4
H  1  1 12 12
D  2  2 11 11
C  4  4  8  8
deal.527
N  6  6  7  7
S  4  4  8  8
H  2  2 10 10
D 10 10  3  3
C  9  9  3  3
deal.528
N 10 10  2  2
S  9  9  3  3
H 11 11  2  2
D  7  7  6  5
C 10 10  2  2
deal.529
N  9  9  3  2
S  9  9  4  2
H 12 12  1  1
D  5  5  8  8
C 10 10  3  3
deal.53
N  9  9  3  3
S 10 10  2  2
H  8  8  5  5
D 10 11  2  2
C  7  7  5  6
deal.530
N  6  6  7  7
S  9  9  4  4
H  4  4  8  9
D  6  6  7  7
C  7  7  6  6
deal.531
N  6  6  7  7
S  5  5  8  8
H 10  9  3  3
D  5  5  8  8
C  6  6  7  7
deal.532
N  3  3  9  9
S  1  1  9  9
H  1  1 11 11
D  6  6  6  6
C  5  5  7  7
deal.533
N 10 10  3  3
S  9  9  3  3
H 10 10  3  3
D  9  9  4  4
C  8  8  5  5
deal.534
N  6  6  7  7
S  3  4  8  8
H  6  6  7  7
D  3  3  9  9
C  8  8  5  5
deal.535
N  9  9  4  4
S  8  8  5  5
H  8  7  5  5
D  6  6  7  7
C  7  7  6  6
deal.536
N  4  4  8  8
S  3  3  9  9
H  7  7  5  5
D  8  8  5  5
C  5  5  7  7
deal.537
N  8  8  5  5
S  6  6  6  6
H  8  8  4  4
D 10 10  3  3
C  6  6  7  7
deal.538
N  7  7  6  6
S  7  7  6  6
H  5  5  8  8
D  5  5  8  8
C  8  8  5  5
deal.539
N  8  8  4  4
S  9  9  4  4
H 10 10  3  3
D  6  6  6  6
C  7  7  6  6
deal.54
N  7  7  5  5
S  5  5  7  7
H 10 10  3  3
D  5  5  8  8
C  4  4  8  7
deal.540
N  7  7  5  5
S  9  9  4  4
H  4  4  9  9
D  4  4  8  8
C  9  9  4  4
deal.541
N  3  3 10 10
S  2  2 11 11
H  1  1 12 12
D  7  7  6  6
C  8  8  5  5
deal.542
N  8  8  5  5
S  9  9  4  4
H  5  5  6  6
D  3  3  9  9
C  6  6  6  6
deal.543
N  6  6  7  7
S  7  7  6  6
H  9  9  4  4
D  8  8  4  4
C  4  4  9  9
deal.544
N  5  5  7  7
S 10 10  3  3
H  4  6  7  7
D  9  9  4  4
C  7  7  6  6
deal.545
N  6  6  7  7
S  8  7  5  5
H  7  7  5  5
D  9  9  4  4
C  6  6  7  7
deal.546
N  5  5  8  8
S  8  8  5  4
H  8  8  5  5
D  3  3 10  9
C  3  3 10 10
deal.547
N  0  0  4  4
S 10 10  3  3
H  9  9  4  4
D  0  0 11 11
C  0  0 11 11
deal.548
N  9 10  3  3
S  7  7  6  6
H  5  5  7  7
D 10 10  3  3
C 10 10  2  2
deal.549
N  3  3  9  9
S  2  2 10 10
H  2  2 10 10
D  5  5  8  8
C  4  5  8  8
deal.55
N  5  5  5  5
S  4  4  9  9
H  8  8  5  5
D  4  4  8  8
C 10 10  3  3
deal.550
N  7  7  5  5
S 11 11  2  2
H  8  8  4  4
D  4  4  8  8
C  7  8  5  5
deal.551
N 11 11  2  2
S 11 11  2  2
H  9  9  4  4
D 11 11  2  2
C 12 12  1  1
deal.552
N  3  4  9  8
S  6  6  6  7
H  5  5  7  8
D  2  3 10 10
C  3  4  9  9
deal.553
N 11 11  2  2
S 10 10  3  3
H 10 11  2  2
D  9  9  4  4
C 10 10  3  3
deal.554
N  3  2  9  9
S  3  3 10 10
H  2  2  9  9
D  4  4  9  9
C  3  2  9  9
deal.555
N  2  2 11 11
S  2  2 11 11
H  5  5  8  8
D  3  3 10 10
C  2  2 11 11
deal.556
N 10 10  2  2
S 11 11  2  2
H  7  7  5  5
D 10 10  3  3
C  5  5  8  8
deal.557
N  8  8  5  5
S  9  9  3  3
H  5  5  7  7
D  6  6  7  7
C  7  7  5  5
deal.558
N  4  4  7  7
S  8  8  4  4
H  4  4  9  9
D  2  2 10 10
C  7  7  5  5
deal.559
N  5  5  7  7
S  2  2 10 10
H  8  8  4  4
D 10  9  3  3
C  2  2 11 11
deal.56
N  9 10  3  3
S 10 10  3  3
H  9 10  3  3
D 10 10  3  3
C 10 11  2  2
deal.560
N  6  6  6  6
S  8  8  5  5
H  9  9  4  4
D  5  6  7  7
C  4  4  9  9
deal.561
N  3  3  8  8
S  3  3 10 10
H  7  7  6  6
D  3  3  9  9
C  6  6  7  7
deal.562
N  8  8  2  2
S 10 10  3  3
H 10 10  2  2
D  8  8  4  4
C  7  7  6  6
deal.563
N 13 13  0  0
S 12 13  0  0
H  9  9  3  3
D  8  9  4  4
C 13 13  0  0
deal.564
N  8  8  5  5
S  9  9  4  4
H  9  9  4  4
D  9  9  4  4
C  7  7  6  6
deal.565
N  3  3 10  9
S  5  5  7  7
H  4  4  8  8
D  8  8  5  5
C  2  2 11 10
deal.566
N  5  5  8  8
S  7  7  5  5
H 10 10  3  3
D  3  3 10 10
C  5  5  8  8
deal.567
N  9  9  4  4
S  6  6  7  7
H  8  8  5  5
D  9  9  4  4
C  7  8  4  4
deal.568
N  4  4  9  7
S  3  4  9  9
H  5  5  8  8
D  4  4  8  8
C  5  5  8  7
deal.569
N  3  3  8  8
S  4  4  9  9
H  4  4  9  9
D  7  7  6  6
C  2  2 11 11
deal.57
N  4  4  7  7
S  6  6  7  7
H  4  4  9  9
D  4  4  9  9
C  5  5  8  8
deal.570
N  7  7  6  6
S  9  9  3  3
H  4  4  9  9
D 10 10  2  2
C 10 10  2  2
deal.571
N 10 10  3  3
S  8  8  5  5
H  8  9  4  4
D 10 11  2  2
C  7  7  6  6
deal.572
N  7  7  6  6
S  7  7  6  6
H  7  7  6  6
D  8  8  4  4
C  8  8  5  5
deal.573
N  7  7  4  4
S  9  9  4  4
H  5  3  8  8
D  5  5  8  8
C  6  5  7  7
deal.574
N  7  7  5  5
S  5  5  8  8
H  9  9  4  4
D  8  8  4  4
C 10 10  2  2
deal.575
N  3  3 10 10
S  4  4  9  9
H  2  2 11 11
D  2  2 11 11
C  4  4  9  9
deal.576
N  4  4  8  9
S  3  3  9  9
H  3  3 10 10
D  6  6  6  6
C  5  5  7  8
deal.577
N  8  8  3  3
S  9  9  3  3
H  6  6  7  7
D  6  6  6  6
C 10 10  3  3
deal.578
N  7  7  6  6
S  7  7  5  5
H  7  7  6  6
D  6  6  7  7
C  5  5  7  8
deal.579
N 11 11  2  2
S 12 12  1  1
H  9  9  4  4
D 11 11  2  2
C  8  8  5  5
deal.58
N  3  3  6  6
S  7  7  5  5
H  4  4  9  9
D  3  3 10 10
C  2  2 10 10
deal.580
N  7  7  4  4
S  4  3  9  9
H  5  5  8  8
D  3  3  9  9
C  9  9  4  4
deal.581
N  9  9  4  4
S  6  6  7  7
H 10 10  3  3
D  7  7  6  6
C  6  6  7  7
deal.582
N  5  5  8  8
S  7  7  6  6
H  4  4  8  8
D  3  3 10 10
C  5  5  8  8
deal.583
N  9  9  4  4
S  6  6  6  6
H 10 10  3  3
D  5  5  8  8
C  5  5  8  8
deal.584
N  6  6  7  7
S  4  4  9  9
H  6  6  7  7
D  5  5  7  7
C  5  6  7  7
deal.585
N  7  7  5  5
S  6  6  7  7
H  9  9  4  4
D  8  8  5  5
C 10 10  2  2
deal.586
N  6  6  5  5
S  8  8  5  5
H  4  4  8  8
D  8  8  5  5
C  9  9  3  3
deal.587
N  3  3 10 10
S  4  4  8  8
H  5  5  8  7
D  5  5  8  8
C  3  3 10 10
deal.588
N  7  7  2  2
S  9  8  2  2
H  3  3 10 10
D 10 10  2  2
C  3  3 10 10
deal.589
N  8  8  3  4
S  7  7  5  5
H 10  8  2  3
D  7  7  6  6
C  7  6  6  6
deal.59
N  4  4  9  9
S  4  4  9  9
H  3  3 10 10
D  3  3  9  9
C  5  5  8  8
deal.590
N  8  7  5  4
S  6  6  7  7
H  7  7  6  6
D  8  8  5  4
C  8  8  5  5
deal.591
N  5  5  8  8
S  4  4  8  9
H  6  6  6  6
D  2  2 10 10
C  7  7  6  6
deal.592
N  7  7  4  4
S  7  7  5  6
H  6  6  7  7
D 10 10  2  3
C  5  5  8  8
deal.593
N  7  7  6  6
S 10 10  3  3
H  9  9  3  3
D  5  5  8  8
C 10 10  3  3
deal.594
N  5  5  7  8
S  6  6  7  7
H  8  8  4  4
D  9  8  4  4
C  4  4  7  7
deal.595
N  7  7  5  5
S  6  6  4  4
H  9  9  4  4
D  8  8  4  4
C  7  7  6  6
deal.596
N  4  4  8  8
S  7  7  6  6
H  7  7  6  6
D  3  3 10 10
C  4  4  8  8
deal.597
N  9  9  4  4
S  8  8  5  5
H 10 10  3  3
D  9  9  4  4
C  7  7  6  6
deal.598
N  9 10  3  3
S  7  7  4  4
H  7  7  6  6
D  8  8  5  5
C 10 10  3  3
deal.599
N  8  8  4  4
S  8  8  5  5
H  6  6  6  6
D  9  9  4  4
C  6  6  7  7
deal.6
N  7  6  6  6
S  5  5  7  8
H  8  7  5  5
D  5  5  8  7
C  5  5  8  8
deal.60
N 12 12  1  1
S 11 11  2  2
H  9  9  4  4
D 12 12  1  1
C 10 10  3  3
deal.600
N 11 11  0  0
S 12 12  0  0
H  5  5  7  7
D  6  6  7  7
C 12 12  0  0
deal.601
N  3  3  9  9
S 10 10  3  3
H  7  7  6  5
D  2  2 11 11
C 10 10  3  3
deal.602
N 10 10  3  3
S 10 10  3  3
H  9  9  3  3
D  7  7  5  5
C  8  8  5  5
deal.603
N  4  4  9  9
S  4  4  9  9
H  0  0 13 13
D  2  2 11 11
C  5  5  7  7
deal.604
N  6  6  7  7
S  6  6  7  7
H  1  1 12 12
D  9  8  4  4
C  3  3 10 10
deal.605
N  5  5  7  6
S  7  7  6  5
H  6  6  7  6
D  7  7  6  6
C  5  5  8  8
deal.606
N  2  2 11 11
S  2  2 11 11
H  3  3  9  9
D  1  1 12 12
C  5  5  8  8
deal.607
N  5  5  7  7
S  7  7  6  6
H  3  3 10 10
D  7  7  6  6
C  7  7  4  4
deal.608
N  7  7  6  6
S  8  8  4  4
H  8  8  4  4
D  6  6  7  7
C  4  4  8  8
deal.609
N  9  9  1  1
S 11 11  1  1
H  8  8  4  4
D 11 11  1  1
C 10 10  3  3
deal.61
N  4  4  5  5
S 10 10  2  2
H  7  7  5  5
D 11 11  2  2
C  3  3 10 10
deal.610
N 11 10  2  2
S 11  9  2  2
H 11 10  2  2
D  7  7  6  6
C  6  5  6  6
deal.611
N  3  3 10 10
S  3  3 10 10
H  3  3 10 10
D  3  3 10 10
C  5  5  8  8
deal.612
N  8  8  4  4
S  6  6  7  7
H  4  4  8  8
D  9  9  4  4
C  9  9  3  3
deal.613
N 13 13  0  0
S 13 13  0  0
H 13 13  0  0
D  6  6  6  6
C  7  7  6  6
deal.614
N  7  7  6  6
S  6  6  6  6
H  5  5  8  8
D  9  9  4  4
C  7  7  5  5
deal.615
N  6  6  5  5
S  6  7  6  6
H  5  5  8  8
D  6  6  6  6
C  8  8  5  5
deal.616
N  5  5  5  5
S  4  5  8  8
H  7  7  4  4
D  3  5  8  8
C  7  8  5  5
deal.617
N  4  4  7  7
S  8  8  5  5
H  1  1 12 12
D  1  1 12 12
C  1  1 11 11
deal.618
N  8  8  5  5
S  4  4  8  8
H 10 10  2  2
D  7  7  6  6
C  7  7  4  4
deal.619
N 11 11  2  2
S 11 11  2  2
H  8  8  5  5
D  9  9  4  4
C  9  9  3  3
deal.62
N  8  8  5  5
S  9  9  4  4
H  8  8  5  5
D  9  9  4  4
C  8  8  5  5
deal.620
N  5  5  5  5
S  8  8  5  5
H  5  5  8  8
D  7  7  5  5
C  4  4  9  9
deal.621
N  2  2 11 11
S  4  4  9  9
H  2  2 11 11
D  2  2 11 11
C  2  2 11 11
deal.622
N  7  7  5  5
S  7  7  6  6
H  7  7  6  6
D 10 10  2  2
C  4  4  8  8
deal.623
N  8  8  5  5
S  8  8  5  5
H  8  8  5  5
D  5  5  7  7
C  8  8  4  4
deal.624
N  9  9  4  4
S  9  9  4  4
H  7  7  6  6
D  6  6  7  7
C  9  9  4  4
deal.625
N 10 10  3  3
S 10 10  3  3
H  9  9  4  4
D 11 11  2  2
C  8  8  5  5
deal.626
N  7  7  6  6
S  7  7  6  6
H  6  6  6  6
D  4  4  8  8
C  9  9  3  3
deal.627
N  7  7  6  6
S  7  7  6  6
H  6  6  6  6
D  8  8  4  4
C  7  7  6  6
deal.628
N  8  8  2  2
S 11 11  2  2
H  8  8  5  5
D 11 11  2  2
C 10 10  3  3
deal.629
N 11 11  2  2
S 11 11  1  1
H  6  6  6  6
D 11 11  1  1
C 10 10  2  2
deal.63
N  7  7  4  4
S  6  6  7  7
H  7  7  3  3
D 10 10  1  1
C 10 10  1  1
deal.630
N  6  6  6  7
S  9  9  4  4
H  8  8  4  5
D  8  8  5  5
C  5  5  8  8
deal.631
N  8  8  4  5
S  8  7  4  5
H  8  7  5  5
D  9  8  4  4
C  9  8  4  4
deal.632
N  7  7  6  6
S 10 10  3  3
H  5  5  8  8
D  8  8  5  5
C  5  5  8  8
deal.633
N  3  3  6  6
S 10 10  3  3
H 10 10  3  3
D  1  1 10 10
C  3  3 10 10
deal.634
N  0  0 13 13
S  0  0 13 13
H  1  1 12 12
D  3  3 10 10
C  1  1 12 12
deal.635
N  8  8  3  4
S  8  8  3  4
H  8  8  5  5
D  8  8  4  5
C  9  9  3  4
deal.636
N  5  5  6  6
S  8  8  5  5
H  4  4  9  9
D  6  6  7  7
C  7  7  6  6
deal.637
N 11 11  1  1
S 12 12  1  1
H 12 12  1  1
D 10 10  3  3
C  8  8  5  5
deal.638
N 10 10  2  2
S 11 11  2  2
H  7  7  5  5
D  6  6  7  7
C 11 11  2  2
deal.639
N  5  5  8  8
S  6  6  5  5
H  7  7  6  6
D  4  4  8  8
C  7  7  6  6
deal.64
N  8  8  5  5
S  8  9  4  4
H  8  9  4  4
D  8  8  5  5
C  7  8  5  5
deal.640
N  6  5  7  7
S  6  6  7  7
H  6  6  6  6
D  6  6  7  7
C  7  7  6  6
deal.641
N  7  7  4  4
S  5  5  6  6
H 10 10  3  3
D  5  5  7  7
C  7  7  6  6
deal.642
N  5  5  8  8
S  7  7  5  5
H  7  7  6  6
D  5  5  8  8
C  3  3 10 10
deal.643
N  5  5  7  8
S  6  6  7  7
H  7  7  6  6
D  3  3  9  9
C  6  6  5  6
deal.644
N  6  6  6  6
S  9  9  4  4
H  6  6  7  7
D  6  6  7  7
C  9  9  4  4
deal.645
N  8  8  5  5
S  9  9  4  4
H  9  9  4  4
D  7  7  5  5
C  9  9  4  4
deal.646
N  7  8  5  5
S  4  4  8  8
H 10 10  3  3
D  8  8  5  5
C  7  7  5  5
deal.647
N  5  5  8  8
S  5  5  8  8
H  3  3 10 10
D  5  5  8  7
C  5  4  8  8
deal.648
N  9  9  4  4
S  9 10  3  4
H 10 10  2  3
D 10 10  2  3
C  6  6  7  7
deal.649
N  6  6  6  6
S  4  4  9  9
H  4  5  7  7
D  7  8  5  5
C  8  9  4  4
deal.65
N 10 10  3  3
S 10 10  3  3
H  7  7  6  6
D 11 11  2  2
C 10 10  3  3
deal.650
N  2  2  6  6
S  6  7  6  6
H  7  7  5  5
D  1  1  9  9
C  1  1 10 10
deal.651
N  8  8  5  5
S  4  4  9  9
H  7  7  5  5
D  7  7  6  6
C  8  9  3  3
deal.652
N  7  7  5  5
S  5  5  8  8
H  6  6  7  7
D  8  8  5  5
C  7  7  5  5
deal.653
N  3  3  9  9
S  3  3 10 10
H  4  4  8  8
D  4  4  8  8
C  3  3  9  9
deal.654
N 10 10  2  2
S 10 11  2  2
H 10 10  2  2
D  8  9  4  4
C  6  6  5  5
deal.655
N  9  9  2  2
S 11 11  2  2
H  8  8  5  5
D  7  6  6  6
C  8  8  5  5
deal.656
N  9  9  3  3
S 10 10  2  2
H  7  7  5  5
D 10  9  3  3
C  6  6  6  6
deal.657
N  3  4  9  9
S  3  3 10 10
H  6  6  7  7
D  5  5  7  7
C  5  5  8  8
deal.658
N  8  8  5  5
S  8  8  4  4
H  9  9  2  2
D  5  5  7  7
C  6  6  6  6
deal.659
N  5  5  8  8
S  4  4  9  9
H  8  8  3  3
D  4  4  9  9
C  9  9  4  4
deal.66
N  3  3 10 10
S  3  3 10 10
H  7  7  6  6
D  3  3  8  9
C  4  4  8  9
deal.660
N  6  6  6  7
S  8  8  5  5
H  5  5  7  7
D  8  8  5  5
C  7  7  6  6
deal.661
N  5  5  8  7
S  8  8  5  5
H  7  6  6  6
D  4  4  8  8
C  6  6  7  7
deal.662
N  4  4  6  6
S  4  4  7  7
H  4  4  9  9
D  6  6  6  6
C  7  7  6  6
deal.663
N  3  3 10  9
S  3  3 10 10
H  6  6  7  7
D  3  3 10 10
C  4  4  9  9
deal.664
N  4  4  8  9
S  8  8  5  5
H  6  6  6  6
D  4  4  9  9
C  5  5  8  8
deal.665
N  7  7  5  5
S  9  9  4  4
H  5  5  8  8
D  5  5  8  8
C  9  9  3  3
deal.666
N 11 11  2  2
S 12 12  1  1
H  8  8  5  5
D  8  8  4  4
C  8  8  5  5
deal.667
N  5  5  6  6
S  9  9  4  4
H  9  9  3  3
D  5  5  8  8
C  8  8  5  5
deal.668
N  4  4  7  7
S  4  4  7  7
H  4  4  9  9
D  8  8  5  5
C  3  3  9  9
deal.669
N 11 11  1  1
S  9  9  4  4
H 12 12  1  1
D  7  7  6  6
C 12 12  1  1
deal.67
N  8  8  5  5
S  9  9  3  3
H  3  3  8  9
D  4  4  8  8
C  3  3 10 10
deal.670
N  5  5  8  8
S  5  5  7  7
H  1  1 11 11
D  6  6  7  7
C  4  4  8  8
deal.671
N  7  7  6  6
S  7  7  6  6
H  7  7  6  6
D  6  5  7  7
C  6  6  7  7
deal.672
N  3  3  6  7
S  7  7  5  5
H  7  7  5  5
D  3  3 10 10
C  5  5  6  7
deal.673
N  8  8  5  5
S  8  8  5  5
H  6  6  6  6
D  7  7  6  6
C  8  8  4  4
deal.674
N  9  9  3  3
S  3  3 10 10
H  8  8  5  5
D  5  5  6  7
C  7  7  3  3
deal.675
N  5  5  7  7
S  8  8  4  4
H  4  4  8  8
D  6  6  6  6
C  4  4  9  9
deal.676
N  5  5  6  6
S  6  6  6  6
H  4  4  9  9
D  4  4  8  8
C  8  8  5  5
deal.677
N  8  8  5  5
S  4  4  9  9
H  6  6  7  7
D 10 10  3  3
C  5  5  7  7
deal.678
N  9  9  4  4
S  9  9  4  4
H  8  8  5  5
D  8  8  5  5
C  9  9  4  4
deal.679
N  6  6  6  6
S 10 10  3  3
H  5  6  6  6
D  6  6  7  7
C  5  5  8  8
deal.68
N  8  8  5  4
S 10 10  3  3
H  4  4  9  9
D  8  8  4  4
C  5  5  8  8
deal.680
N  7  7  6  6
S  9  9  4  4
H  5  6  7  7
D  5  5  8  8
C  7  7  6  6
deal.681
N  8  8  5  5
S  7  7  6  6
H  7  7  6  6
D  7  7  5  5
C  7  7  6  6
deal.682
N  6  6  5  5
S  3  3 10 10
H  3  3  9  9
D  8  8  4  4
C  7  7  5  4
deal.683
N  7  7  6  6
S  7  6  5  4
H  8  7  5  4
D  7  7  5  5
C  7  7  6  6
deal.684
N  9  9  1  1
S 11 11  1  1
H  8  8  5  5
D 10 10  1  1
C  9  9  4  4
deal.685
N  6  6  7  7
S  5  5  8  8
H  7  7  5  5
D  4  4  8  8
C  6  7  6  6
deal.686
N  7  7  6  6
S  9  9  3  3
H  9  9  3  3
D  2  2 10 10
C  2  2 10 10
deal.687
N  4  4  9  9
S  3  3  9  9
H  8  8  5  5
D  6  6  7  7
C  3  3 10 10
deal.688
N  5  5  8  8
S  6  6  7  7
H  6  6  7  7
D  6  6  6  6
C  7  7  5  5
deal.689
N  5  5  7  7
S  4  4  9  9
H  4  4  8  9
D  8  8  5  5
C  4  4  9  9
deal.69
N  5  5  8  8
S  8  8  5  5
H  6  6  7  7
D  4  4  8  8
C  7  7  6  6
deal.690
N 10 10  3  3
S  8  8  5  4
H  7  7  6  6
D  9  9  3  3
C 11 11  2  2
deal.691
N  4  4  8  8
S  6  6  7  7
H  7  7  5  5
D  3  3 10 10
C  5  5  7  7
deal.692
N  8  8  5  5
S 10 10  3  3
H  6  6  6  6
D  9  9  4  4
C  7  7  6  6
deal.693
N  7  7  3  3
S  9  9  3  3
H  7  7  5  5
D 10 10  3  3
C  5  5  8  8
deal.694
N  5  5  8  8
S  6  6  7  7
H  5  5  8  8
D  6  6  7  7
C  5  5  8  8
deal.695
N  6  6  4  4
S 10 10  3  3
H  7  7  6  6
D  5  5  8  8
C  8  8  4  4
deal.696
N  8  8  0  0
S  8  8  5  5
H 12 12  0  0
D 12 12  0  0
C 12 12  0  0
deal.697
N  7  7  5  5
S  7  7  5  5
H  9  9  4  4
D  6  6  7  7
C  7  7  6  6
deal.698
N 10 10  2  2
S  5  5  8  8
H  6  6  6  6
D  7  7  6  6
C 10 10  2  2
deal.699
N  3  3  7 10
S  4  4  8  9
H  2  2  9 10
D  3  3  9 10
C  7  7  5  6
deal.7
N  9  9  2  2
S 10 10  3  3
H 10 10  2  2
D  8  8  4  4
C 10 10  3  3
deal.70
N  9  9  4  4
S 10 10  3  3
H  7  7  6  5
D 10 10  3  3
C 10 10  3  3
deal.700
N  4  5  7  7
S  4  4  8  7
H  5  5  8  8
D  4  4  9  9
C  7  7  6  6
deal.701
N  5  5  6  7
S  9  9  2  3
H  8  8  4  5
D  4  4  7  7
C  6  6  6  7
deal.702
N 10 10  3  3
S  9  9  3  3
H  8  8  5  5
D  8  8  5  5
C  7  7  6  6
deal.703
N  7  7  6  6
S 10 10  3  3
H  5  5  8  8
D  5  6  6  6
C  6  6  7  7
deal.704
N  2  2  9  9
S  6  6  7  7
H  6  6  7  7
D  3  3 10 10
C  2  2 11 11
deal.705
N  6  7  6  6
S  8  8  5  5
H  4  4  8  8
D  3  4  9  9
C  4  4  9  9
deal.706
N  3  3 10 10
S  2  2 11 11
H  3  3 10 10
D  8  8  5  5
C  4  4  8  8
deal.707
N 10 10  2  2
S 11 11  2  2
H 10 10  3  3
D  9  9  4  4
C 11 11  2  2
deal.708
N  5  5  7  7
S  9  9  4  4
H  8  8  5  5
D  4  4  9  9
C  5  5  7  7
deal.709
N  3  3  8  8
S  8  8  4  4
H  9  9  4  4
D  3  3  9  9
C  3  3  9  8
deal.71
N  9  9  4  4
S  8  8  5  5
H  8  8  4  4
D  5  5  7  7
C  4  4  9  9
deal.710
N  4  4  9  9
S  4  4  9  9
H  2  2 11 11
D  6  6  7  7
C  3  3 10 10
deal.711
N  6  6  6  6
S  5  5  7  7
H  7  7  6  6
D  8  8  5  5
C  6  6  6  6
deal.712
N  1  1 12 12
S  1  1 12 12
H  4  4  9  9
D  6  6  7  7
C  1  3 10 10
deal.713
N  2  2 10 10
S  5  5  7  7
H  2  2 11 11
D  7  7  6  6
C  2  2 11 11
deal.714
N  2  2  9 11
S  1  1 11 12
H  5  5  7  8
D  2  2 11 11
C  4  4  9  9
deal.715
N  4  4  8  8
S  6  6  7  7
H  4  4  9  9
D  4  4  9  9
C  7  7  6  6
deal.716
N  4  4  9  9
S  6  6  7  7
H  5  5  8  8
D  5  5  7  7
C  5  5  8  8
deal.717
N  6  6  6  5
S  4  4  9  9
H  7  7  5  4
D  4  4  8  8
C  4  4  8  8
deal.718
N 10 10  1  1
S 11 11  1  1
H 12 12  1  1
D 11 11  1  1
C  8  8  4  4
deal.719
N  7  7  5  5
S  9  9  3  3
H  6  6  7  7
D  9  9  3  3
C 10 10  3  3
deal.72
N  5  5  8  8
S  6  6  6  6
H  2  2 11 11
D  7  7  5  5
C  0  0 13 13
deal.720
N  6  6  7  7
S  5  5  8  8
H  9  9  4  4
D  5  5  8  8
C  5  5  7  7
deal.721
N  6  6  7  7
S  5  5  7  7
H  8  8  5  5
D  4  4  9  9
C  4  4  8  8
deal.722
N 11 11  1  1
S 10 10  3  3
H 11 11  1  1
D  7  7  6  6
C 11 11  2  2
deal.723
N  2  2 10 10
S  6  6  7  7
H  5  5  8  8
D  2  2 11 11
C  2  2 11 11
deal.724
N  5  5  8  8
S  6  6  6  6
H  6  6  7  7
D  3  3  9  9
C  8  8  5  4
deal.725
N  4  4  8  8
S  6  6  6  7
H  5  5  8  8
D  4  4  9  9
C  5  5  7  8
deal.726
N  6  6  6  6
S  4  4  9  9
H  9 10  3  3
D  6  6  7  7
C  9  9  4  4
deal.727
N  7  7  5  5
S  5  5  6  6
H  8  8  4  4
D 10 10  3  3
C  5  5  8  8
deal.728
N  4  4  9  9
S  6  6  6  6
H  6  6  6  6
D  8  8  5  5
C  4  4  9  9
deal.729
N  6  6  6  6
S  6  6  6  6
H  6  6  6  6
D  5  5  8  8
C  8  8  4  4
deal.73
N  6  6  6  6
S 10 10  3  3
H  3  3 10 10
D  9  9  4  4
C  4  4  8  8
deal.730
N 10 10  3  3
S 10 10  2  2
H  6  6  5  6
D  7  7  6  6
C  8  8  3  3
deal.731
N  6  6  7  7
S  5  6  7  8
H  7  7  6  6
D  7  7  6  6
C  5  5  8  8
deal.732
N 10 11  2  2
S 10 11  2  2
H 11 11  2  2
D  8  8  5  5
C  9  9  3  3
deal.733
N  4  4  8  8
S  3  3 10  9
H  3  3 10  9
D  6  7  6  6
C  5  5  8  8
deal.734
N  6  6  7  7
S  8  8  5  5
H  7  7  6  6
D  4  4  9  9
C  6  6  7  7
deal.735
N  4  4  8  8
S  3  3 10 10
H  4  4  9  9
D  5  5  8  8
C  6  6  6  6
deal.736
N  4  4  5  5
S  6  6  6  6
H  5  5  5  5
D  3  3  9  9
C  5  5  8  8
deal.737
N  6  6  2  2
S  5  5  8  8
H  4  4  6  7
D 11 11  1  1
C 11 11  2  2
deal.738
N  9  9  4  4
S  8  8  4  5
H  8  8  4  5
D  7  7  4  4
C  9  9  3  4
deal.739
N  6  6  5  5
S  6  6  7  7
H  6  6  5  6
D  5  5  8  8
C  9  9  4  4
deal.74
N 10 10  3  3
S  9  9  3  3
H  9  9  4  4
D  7  7  6  6
C  9  9  3  3
deal.740
N  3  3  4  4
S  2  2  9  9
H  9  9  4  4
D  3  3  9  9
C  3  3  9  9
deal.741
N  4  4  9  9
S  5  5  8  8
H  4  4  9  9
D  4  4  9  9
C  1  1 11 11
deal.742
N  8  8  4  4
S  8  8  5  5
H  7  7  6  6
D  8  8  4  4
C  6  7  6  6
deal.743
N  2  2 11 11
S  3  3 10 10
H  3  3 10 10
D  2  2 11 11
C  1  1 12 12
deal.744
N  6  5  7  7
S  6  6  7  7
H  6  5  7  7
D  4  4  9  9
C  6  6  7  7
deal.745
N  7  7  6  6
S  7  7  6  6
H  5  5  7  7
D  4  4  9  9
C  9  9  3  3
deal.746
N  4  4  8  8
S  7  7  6  6
H  5  5  7  8
D  4  4  8  8
C  7  7  5  6
deal.747
N  4  4  8  8
S  3  3 10 10
H  4  4  9  9
D  4  4  9  9
C  6  6  6  6
deal.748
N  9  9  2  2
S 10 10  2  2
H  6  6  7  7
D  5  5  7  7
C 11 11  2  2
deal.749
N  5  5  7  7
S  6  6  7  7
H  3  3 10 10
D  3  3 10 10
C  5  5  7  7
deal.75
N  7  7  5  5
S 10 10  2  2
H  3  3 10 10
D  3  3  9  9
C 10 10  2  2
deal.750
N  4  4  8  9
S  3  3 10 10
H  2  2 11 11
D  7  7  6  6
C  5  5  7  8
deal.751
N  5  5  6  6
S  4  4  9  9
H  4  4  8  8
D  6  6  7  7
C  8  8  5  5
deal.752
N  7  7  5  5
S  8  8  4  4
H  8  8  5  5
D  9  9  4  4
C  9  9  3  4
deal.753
N  4  4  4  4
S  9  9  3  3
H  3  3  9  9
D  4  4  9  9
C  9  9  4  4
deal.754
N  9  9  4  4
S  9  9  4  4
H  9  9  4  4
D  7  7  6  6
C  9  9  4  4
deal.755
N  4  4  9  9
S  4  4  9  9
H  4  4  9  9
D  4  4  9  9
C  5  5  8  8
deal.756
N  2  2 11 11
S  2  2 11 11
H  6  6  7  7
D  6  6  7  7
C  1  1 11 11
deal.757
N  4  4  8  8
S  3  3 10 10
H  2  2 10 11
D  6  6  7  7
C  5  5  8  8
deal.758
N  6  6  6  6
S  6  6  6  6
H  5  5  8  8
D  7  7  6  6
C 10 10  3  3
deal.759
N 11 11  2  2
S  8  8  5  5
H  9  9  2  2
D 11 11  2  2
C  8  8  5  5
deal.76
N  8  8  2  2
S  7  7  6  6
H 11 11  2  2
D 12 12  1  1
C 12 12  1  1
deal.760
N  8  8  3  3
S  8  7  5  5
H 10  9  3  3
D  7  7  6  6
C 11 10  2  2
deal.761
N  3  3  9  9
S  3  3 10 10
H  5  5  8  8
D  5  5  8  8
C  3  3  9  9
deal.762
N 12 12  1  1
S 11 11  2  2
H 12 12  1  1
D  9  9  4  4
C 11 11  1  1
deal.763
N  3  3  8  8
S  8  8  5  5
H  4  4  9  9
D  7  7  5  5
C  2  2 10 10
deal.764
N 11 10  2  2
S  9  8  4  4
H  8  8  5  5
D  6  6  3  3
C  6  5  3  3
deal.765
N  5  5  8  8
S  5  5  8  8
H  5  5  8  8
D  4  4  9  9
C  6  6  7  7
deal.766
N  7  7  5  5
S  7  7  5  5
H  8  8  5  5
D  4  4  9  9
C  3  3  9  9
deal.767
N  5  4  6  6
S  7  7  6  6
H  4  4  9  9
D  7  7  5  5
C  4  4  9  9
deal.768
N  8  8  5  5
S  9  9  4  4
H  7  7  6  6
D  8  7  5  5
C  8  8  5  5
deal.769
N  2  2 11 11
S  2  2 11 11
H  2  2 11 11
D  6  6  7  7
C  2  2 11 11
deal.77
N  1  1 12 12
S  1  1 12 12
H  2  3 10 10
D  1  1 12 12
C  4  4  8  8
deal.770
N  0  0 12 12
S  1  1 12 12
H  0  0 12 12
D  0  0 12 12
C  2  2 11 11
deal.771
N  6  6  5  5
S  9  9  4  4
H  4  4  9  9
D  5  5  8  8
C  5  5  7  7
deal.772
N  4  4  8  8
S  6  6  6  6
H  8  8  5  5
D  6  7  6  6
C  3  3  9  9
deal.773
N  9  9  4  4
S  8  8  4  4
H  9  9  4  4
D  8  8  5  5
C  7  7  6  6
deal.774
N  8  8  5  5
S  8  8  5  5
H  8  8  5  5
D  8  7  5  5
C  7  7  6  6
deal.775
N  2  2  9  9
S  1  1 12 12
H  5  5  7  7
D  8  8  5  5
C  2  2 11 11
deal.776
N  2  2  6  6
S  1  1 10 10
H  7  7  6  6
D  1  1  8  8
C  1  1  8  8
deal.777
N  8  9  4  4
S 10 10  3  3
H  7  7  6  6
D  5  5  8  8
C 10  9  3  3
deal.778
N  6  6  7  7
S  9  9  4  4
H  5  5  8  8
D  8  8  5  5
C  7  7  5  5
deal.779
N  9  9  4  4
S  9  9  4  4
H 10 10  3  3
D  9  9  4  4
C  6  6  7  7
deal.78
N  4  4  9  9
S  3  3 10 10
H  5  5  7  7
D  4  4  8  8
C  6  6  7  7
deal.780
N  7  6  6  6
S  6  6  6  6
H  9  8  4  4
D  6  5  7  7
C  6  5  7  7
deal.781
N  1  1 12 12
S  1  1 12 12
H  3  3 10 10
D  1  1 12 12
C  4  4  9  9
deal.782
N  5  5  8  8
S  5  5  8  8
H  4  4  9  9
D  5  5  7  7
C  4  4  8  8
deal.783
N  8  8  4  4
S 11 11  2  2
H  9  9  3  3
D  8  8  5  5
C  8  8  5  5
deal.784
N  6  7  3  3
S  9  9  3  3
H  5  5  8  8
D  6  6  7  7
C  9  9  3  3
deal.785
N  7  7  6  6
S  9  9  4  4
H  4  4  8  8
D  4  4  8  8
C  8  8  4  4
deal.786
N  5  5  8  8
S  2  2 11 11
H  6  6  6  6
D  9  9  4  4
C  6  6  7  7
deal.787
N  7  7  5  5
S  3  3 10 10
H  9  9  4  4
D  3  3  9  9
C  5  5  8  8
deal.788
N  5  5  8  8
S  6  6  6  6
H  5  5  8  8
D  1  1 11 11
C  6  6  6  6
deal.789
N  6  6  2  2
S 10 10  1  1
H  7  7  5  5
D  4  4  9  9
C 10 10  1  1
deal.79
N  9  9  3  3
S  8  8  5  5
H  5  5  8  8
D 10 10  2  2
C 12 12  0  0
deal.790
N  6  6  7  7
S  8  8  5  5
H  7  7  5  6
D  8  8  5  5
C  3  3  9  9
deal.791
N 10 10  2  2
S  9  9  4  4
H 11 11  1  1
D  9 10  3  3
C  7  7  6  6
deal.792
N  5  5  8  8
S  5  5  8  8
H  8  8  5  5
D  4  4  8  8
C  6  6  7  7
deal.793
N  1  1  7  7
S  6  6  7  7
H  1  1 12 12
D  1  1 12 12
C  2  2 11 11
deal.794
N 13 13  0  0
S 10 10  3  3
H 12 12  1  1
D 13 13  0  0
C 13 13  0  0
deal.795
N  3  3 10 10
S  4  4  8  8
H  4  4  9  9
D  4  4  9  9
C  5  5  7  7
deal.796
N  6  6  7  7
S  4  4  9  9
H  4  4  8  8
D  8  8  5  5
C  8  8  5  5
deal.797
N  4  4  9  9
S  4  4  9  9
H  7  7  6  6
D  3  3 10 10
C  4  4  9  9
deal.798
N 10 10  3  3
S  8  8  5  5
H  9  9  3  3
D  8  8  5  5
C  8  8  3  3
deal.799
N  8  8  5  5
S  5  5  8  8
H  6  6  6  7
D  6  6  7  6
C 10 10  3  3
deal.8
N  8  8  5  5
S  6  6  6  7
H  8  8  5  5
D  6  6  7  7
C  9  9  4  4
deal.80
N  7  7  6  6
S  6  6  6  6
H  6  6  6  6
D  6  6  6  6
C 10 10  3  3
deal.800
N  3  3  8  8
S  2  2 11 11
H  2  2 11 11
D  3  3  8  8
C  6  6  6  6
deal.801
N  3  3  5  5
S  8  8  4  4
H  7  7  5  5
D  2  2 11 11
C  3  3 10 10
deal.802
N  4  6  7  7
S  8  8  5  5
H  3  3 10  9
D  3  3  9  9
C  2  2 11 11
deal.803
N  6  6  6  6
S  8  8  5  5
H  8  8  4  4
D  6  6  6  6
C  6  6  7  7
deal.804
N  6  6  7  7
S  8  7  5  5
H  1  1 12 12
D  2  2 10 10
C  8  8  3  3
deal.805
N 11 11  2  2
S  9  9  4  4
H 11 11  1  1
D 11 11  1  1
C  5  5  7  7
deal.806
N  4  4  8  8
S  5  5  8  8
H  7  7  6  6
D  7  7  6  6
C  3  3 10 10
deal.807
N  6  6  5  5
S 10 10  3  3
H  9  9  3  3
D  9  9  3  3
C  6  6  7  7
deal.808
N  1  1 12 12
S  1  1 12 12
H  4  4  9  9
D  7  7  6  6
C  1  1 12 12
deal.809
N  6  5  7  7
S  7  7  6  6
H  5  5  8  8
D  5  5  8  8
C  7  7  5  6
deal.81
N  8  8  5  5
S  9  9  4  4
H  7  7  6  6
D  8  8  5  5
C  8  8  5  5
deal.810
N  9  9  3  3
S  9  9  3  3
H 10 10  3  3
D  7  7  6  6
C  7  7  6  6
deal.811
N  1  1 12 12
S  2  2 11 11
H  1  1 12 12
D  1  1 12 12
C  3  3 10 10
deal.812
N  1  1 12 12
S  1  1 12 12
H  4  4  9  9
D  2  2 11 11
C  1  1 12 12
deal.813
N  6  6  7  7
S 10 10  3  3
H  5  5  8  8
D  8  8  4  4
C  7  7  6  6
deal.814
N 12 12  0  0
S 12 12  0  0
H  4  4  9  9
D  4  4  8  8
C 11 12  0  0
deal.815
N  7  7  6  6
S  8  8  5  5
H  7  7  6  6
D  9  9  4  4
C  9  9  4  4
deal.816
N 10 10  2  2
S 12 12  1  1
H  6  6  7  7
D  9  9  4  4
C  8  8  4  4
deal.817
N  1  1 10 12
S  7  7  6  6
H  4  4  9  9
D  0  0 12 12
C  3  3 10 10
deal.818
N  7  9  3  3
S  7  7  5  6
H 11 11  2  2
D  9 10  2  3
C  6  6  6  7
deal.819
N  6  6  6  6
S  4  4  8  8
H  6  6  7  7
D  8  8  5  5
C  7  7  6  6
deal.82
N  4  4  9  9
S  3  4  9  9
H  6  7  6  6
D  4  5  7  7
C  4  5  8  8
deal.820
N  5  5  8  8
S  4  4  8  8
H  8  7  5  5
D  9  9  4  4
C  3  3 10 10
deal.821
N  5  5  5  5
S  5  5  8  8
H  1  1 11 11
D  3  3  6  6
C 10 10  3  3
deal.822
N  6  6  6  6
S  8  8  5  5
H  5  5  8  8
D  8  8  5  5
C  6  6  6  6
deal.823
N  9  9  4  4
S  8  8  5  5
H  9  9  4  4
D  8  8  5  5
C 10 10  3  3
deal.824
N  2  2  8  8
S  6  6  7  7
H  2  2 10 10
D  8  8  5  5
C  2  2 10 10
deal.825
N  6  6  6  6
S  6  6  6  6
H  4  4  9  9
D  4  4  8  8
C  6  6  6  6
deal.826
N  3  3 10 10
S  3  3  9  9
H  3  3 10 10
D  2  2 11 11
C  3  3 10 10
deal.827
N  5  5  8  8
S  4  4  9  9
H  4  4  8  9
D  4  4  8  8
C  3  3 10 10
deal.828
N  6  6  7  7
S  8  8  5  5
H  4  4  9  9
D  5  5  8  8
C  7  7  6  6
deal.829
N  2  2  5  5
S  8  8  5  4
H  3  2 10 10
D  2  2 11 11
C  5  5  8  8
deal.83
N  9  9  4  4
S 11 11  1  1
H  7  7  5  5
D  7  7  5  5
C  8  8  4  4
deal.830
N  6  6  7  7
S  9  9  4  4
H  6  6  6  6
D 10 10  3  3
C 11 11  2  2
deal.831
N 11 11  1  1
S  9  9  4  4
H  6  6  7  7
D 12 12  1  1
C 10 10  3  3
deal.832
N  4  4  9  9
S  5  5  8  8
H  4  4  9  9
D  6  6  7  7
C  7  7  6  6
deal.833
N 12 12  1  1
S 10 10  3  3
H 12 12  1  1
D 12 12  1  1
C 12 12  1  1
deal.834
N  6  6  6  6
S  3  3  8  8
H 10 10  3  3
D  6  6  5  5
C  6  6  7  7
deal.835
N  5  5  8  8
S  5  5  8  8
H  3  3 10 10
D  2  2 11 11
C  4  4  9  9
deal.836
N  5  5  8  8
S  4  4  8  8
H  4  4  8  8
D  7  7  6  6
C  4  4  9  9
deal.837
N 10 10  2  2
S  9  9  3  3
H 11 11  1  1
D 10 10  3  3
C 12 12  1  1
deal.838
N  4  4  9  9
S  5  5  7  7
H  4  4  9  8
D  4  4  9  9
C  3  3  9  9
deal.839
N  6  6  7  7
S  7  7  5  5
H  3  3 10 10
D  3  3 10 10
C  8  8  5  5
deal.84
N 10 10  2  2
S  6  6  7  7
H 11 11  2  2
D 11 11  1  1
C 10 10  3  3
deal.840
N 10 10  3  3
S 10 10  3  3
H  9  9  4  4
D 12 12  1  1
C 10 10  3  3
deal.841
N  6  6  7  7
S  4  4  9  9
H  6  6  7  7
D  6  6  6  6
C  6  6  6  6
deal.842
N  5  5  7  7
S  2  2 11 11
H  3  3 10 10
D  3  3  9  9
C  7  7  6  6
deal.843
N  7  7  5  5
S  1  1 11 11
H  8  8  5  5
D  2  2 10 10
C  1  1 10 10
deal.844
N  8  8  3  3
S  9  9  3  3
H  5  5  7  7
D  8  8  5  5
C  4  4  8  8
deal.845
N  6  6  7  7
S  6  6  6  6
H  9  9  4  4
D  8  8  4  5
C  8  8  4  5
deal.846
N  4  4  8  8
S  8  9  4  4
H  6  6  7  7
D  4  4  9  8
C  3  3 10 10
deal.847
N  4  4  9  9
S  7  7  5  5
H  6  5  7  7
D  4  4  9  9
C  8  8  5  5
deal.848
N  7  7  4  4
S  5  5  7  7
H  6  6  6  6
D 11 11  2  2
C 10 10  3  3
deal.849
N  9  9  4  4
S  8  8  5  5
H  6  7  6  6
D 10 10  3  3
C  9  9  4  4
deal.85
N  5  5  8  8
S  5  5  8  8
H  7  7  6  6
D  5  5  7  7
C  3  3 10 10
deal.850
N  3  3  7  7
S  5  5  7  7
H  9  9  3  3
D  8  8  5  5
C  3  3 10 10
deal.851
N 10 10  3  3
S  7  7  5  5
H  6  6  7  7
D  6  6  7  7
C 10 10  3  3
deal.852
N  7  7  6  6
S  6  6  5  5
H  4  4  9  9
D  6  6  6  6
C  7  7  4  4
deal.853
N  9  9  2  2
S 11 11  2  2
H  7  7  6  6
D  6  6  7  7
C  7  7  5  5
deal.854
N  1  1 11 11
S  1  1 12 12
H  1  1 12 12
D  6  6  7  7
C  4  4  8  8
deal.855
N 10 10  3  3
S 10 10  3  3
H  8  8  5  5
D  6  6  7  7
C 11 11  2  2
deal.856
N  3  3  6  6
S  8  8  5  5
H  4  4  9  9
D  1  1 12 12
C  2  2  9  9
deal.857
N  7  7  6  6
S  7  7  6  6
H  4  4  9  9
D  7  7  6  6
C  5  5  5  5
deal.858
N 10 10  2  2
S  9  9  4  4
H 11 11  2  2
D  9  9  3  3
C  6  6  7  7
deal.859
N  5  5  8  8
S  9  9  3  3
H  9  9  4  4
D  2  2 10 10
C  5  5  7  7
deal.86
N  9  9  4  3
S  9  9  3  3
H  9  9  4  3
D  8  8  5  5
C  9  9  4  4
deal.860
N  7  7  3  3
S 11 11  2  2
H 11 11  2  2
D  4  4  9  9
C  5  5  8  8
deal.861
N  2  2  8  8
S  2  2 11 11
H  5  5  7  7
D  2  2 11 11
C  8  8  5  5
deal.862
N 12 12  1  1
S  8  8  5  5
H 11 12  1  1
D  7  7  6  6
C 11 12  1  1
deal.863
N  6  6  0  0
S  9  9  3  3
H  9  9  4  4
D  6  6  7  7
C 11 11  0  0
deal.864
N  9  8  4  4
S  9  8  4  4
H  9  9  4  4
D 10  9  3  3
C  7  6  6  6
deal.865
N  6  5  7  7
S  5  5  8  8
H  9  9  4  4
D  6  6  6  5
C  4  4  8  8
deal.866
N  1  1 10 10
S  1  1 11 11
H  6  6  7  7
D  1  1 11 11
C  6  6  7  7
deal.867
N  0  0 13 13
S  2  2 11 11
H  2  2 10 10
D  0  0 13 13
C  3  3  9  9
deal.868
N  5  5  4  5
S  5  4  8  8
H 12 12  1  1
D 11 11  2  2
C 10 10  3  3
deal.869
N 10 10  3  3
S 12 12  1  1
H 10 11  2  2
D  5  5  8  8
C  8  8  4  4
deal.87
N  7  7  5  5
S 10 10  3  3
H  6  6  7  7
D  5  5  8  8
C  8  8  5  5
deal.870
N  6  6  7  7
S  7  7  5  5
H  5  5  7  7
D  8  8  5  5
C  8  7  4  4
deal.871
N 10 10  3  3
S 10 10  3  3
H  8  8  5  5
D 10 10  3  3
C  9  9  4  4
deal.872
N 13 13  0  0
S  9  9  4  4
H  9  9  4  4
D 13 13  0  0
C 13 13  0  0
deal.873
N  4  4  9  9
S  4  4  9  9
H  5  5  7  7
D  4  4  9  9
C  7  7  6  6
deal.874
N  8  8  5  5
S  6  6  7  7
H  8  8  5  5
D  8  8  5  5
C  8  8  5  5
deal.875
N  8  8  4  4
S  7  7  5  5
H 10 10  2  3
D  6  6  7  7
C  9  9  3  3
deal.876
N  3  3 10 10
S  4  4  9  9
H  2  3 10 10
D  3  4  9  9
C  3  3 10 10
deal.877
N  6  6  6  5
S 10 10  2  2
H  4  4  9  9
D  7  7  6  6
C 10 10  2  2
deal.878
N  7  7  1  1
S  8  8  5  5
H  5  5  7  8
D 13 13  0  0
C 13 13  0  0
deal.879
N  8  7  5  5
S  6  6  7  7
H 10 10  3  3
D 10 10  3  3
C  7  7  5  5
deal.88
N 13 13  0  0
S 13 12  0  0
H  8  9  4  4
D  8  8  5  5
C 13 12  0  0
deal.880
N  4  4  7  7
S  1  1 12 12
H  8  8  4  4
D  9  9  4  4
C  8  8  3  3
deal.881
N  7  7  6  6
S  9  9  2  2
H  6  6  6  6
D  5  5  8  8
C 11 11  1  1
deal.882
N  7  7  6  6
S  8  8  5  5
H  8  8  5  5
D  4  4  9  9
C  8  8  5  5
deal.883
N 11 11  2  2
S 11 11  2  2
H 10 10  3  3
D  9  9  3  3
C  7  7  6  5
deal.884
N  7  7  6  6
S  8  8  5  5
H  5  5  7  7
D  9  9  3  3
C  7  7  5  5
deal.885
N  5  5  8  8
S  7  7  6  6
H  3  3 10 10
D  6  6  7  7
C  5  5  8  8
deal.886
N  6  6  7  7
S  7  7  6  6
H  8  8  4  4
D  4  4  9  9
C  8  8  5  5
deal.887
N  8  8  5  5
S 11 11  2  2
H 11 10  2  2
D  4  4  9  9
C  3  3  9  9
deal.888
N  6  7  6  6
S  9  9  4  4
H  7  7  6  6
D  4  4  9  9
C  7  7  6  6
deal.889
N  5  5  7  8
S  4  4  8  8
H  4  4  8  8
D  5  4  8  8
C  5  5  7  7
deal.89
N  3  3  7  7
S  2  2 11 11
H  7  7  6  6
D  2  2 11 10
C  6  6  5  5
deal.890
N  8  8  5  4
S  5  5  8  8
H  7  7  6  6
D  8  8  5  5
C  9  9  4  4
deal.891
N  6  6  6  6
S  5  5  7  7
H  4  4  8  8
D  8  8  5  5
C  4  4  8  8
deal.892
N  8  8  5  5
S  6  5  7  7
H  6  6  7  7
D  9  9  4  4
C  8  8  5  5
deal.893
N  9  9  4  4
S  9 10  3  3
H  9  9  4  4
D  8  8  4  4
C  8  8  4  4
deal.894
N  5  5  3  3
S 11 11  2  2
H  7  7  5  5
D  4  4  9  9
C 11 11  2  2
deal.895
N  4  4  7  7
S  8  8  5  5
H  2  2 10 10
D  8  8  5  5
C  3  3 10 10
deal.896
N  8  8  1  1
S 10 10  3  3
H  8  8  4  4
D  7  7  6  6
C 11 11  1  1
deal.897
N  1  1 12 12
S  1  1 12 12
H  2  2 11 11
D  1  1 12 12
C  4  4  9  9
deal.898
N  6  6  3  5
S  3  3 10 10
H  6  6  6  7
D  3  3  9  9
C 10 10  2  3
deal.899
N 12 12  1  1
S 10 10  3  3
H 11 11  2  2
D 12 12  1  1
C 12 12  1  1
deal.9
N  7  8  4  4
S  8  8  5  5
H  7  7  6  6
D  8  8  5  5
C  9  9  4  4
deal.90
N  2  2 11 11
S  2  2 11 11
H  2  2 11 11
D  4  4  9  9
C  2  2 11 10
deal.900
N  8  8  4  4
S  8  8  5  5
H  4  4  9  9
D  9  9  4  4
C  7  7  6  6
deal.901
N  1  1 11 11
S  5  5  8  8
H  1  1 12 12
D  1  1 11 11
C  1  1 12 12
deal.902
N  6  6  6  6
S  3  3  8  8
H  6  6  7  7
D  8  7  5  5
C  5  5  7  7
deal.903
N  6  7  6  6
S 10 10  3  3
H  4  4  8  8
D  7  7  6  6
C  8  9  4  4
deal.904
N  7  7  0  0
S 10 11  0  0
H 11 10  0  0
D  7  7  6  6
C  2  2 11 11
deal.905
N  6  6  3  3
S 10 10  2  2
H 12 12  1  1
D  5  5  8  8
C 12 12  1  1
deal.906
N  7  8  5  5
S  7  8  5  5
H  9  9  4  4
D  9  9  4  4
C  7  7  5  5
deal.907
N  8  8  2  2
S  8  8  4  4
H 10 10  2  2
D  6  6  6  6
C  9  9  4  4
deal.908
N  6  6  6  6
S  5  5  8  8
H  9  9  4  4
D 12 12  1  1
C  9  9  4  4
deal.909
N  5  5  6  6
S  8  7  5  5
H  5  5  7  7
D  3  3 10 10
C  8  8  4  4
deal.91
N  8  8  5  5
S  9  9  4  4
H  4  4  9  9
D  4  4  8  8
C  4  4  9  9
deal.910
N  7  7  3  3
S  6  6  7  7
H  7  7  5  5
D 10 10  2  2
C  5  5  8  8
deal.911
N 12 12  1  1
S 12 12  1  1
H 10 10  3  3
D  8  8  5  5
C 11 11  2  2
deal.912
N  8  8  5  5
S  5  5  8  8
H  8  8  5  5
D  8  8  3  3
C  8  8  4  4
deal.913
N  8  8  5  5
S  9  9  4  4
H  7  7  6  6
D  7  7  6  6
C  7  7  6  6
deal.914
N  5  5  7  7
S  8  8  5  5
H  5  5  8  8
D  2  2 11 11
C  4  4  8  9
deal.915
N  4  4  8  8
S  5  5  6  6
H  5  5  7  7
D  3  3 10 10
C  0  0 11 11
deal.916
N  7  7  6  6
S  8  7  5  5
H  5  6  7  7
D  7  7  6  6
C  7  8  5  5
deal.917
N  9  9  4  4
S  9  9  4  4
H  7  7  5  5
D  9  9  4  4
C  7  7  5  5
deal.918
N 11 10  2  2
S 10 10  2  2
H  9  9  4  4
D 11 11  2  2
C 11 10  2  2
deal.919
N  2  2 10 10
S  2  2 11 11
H  1  1 12 12
D  7  7  5  5
C  7  7  5  5
deal.92
N  2  2 11 11
S  2  2 10 10
H  4  4  8  8
D  2  2 11 11
C  7  7  6  6
deal.920
N  8  8  4  4
S  6  6  7  7
H 10 10  3  3
D  8  8  5  5
C 10 10  3  3
deal.921
N  1  1 11 11
S  1  1 12 12
H  1  1 12 12
D  3  3  9  9
C  6  6  6  6
deal.922
N  4  4  8  8
S  7  7  6  6
H  2  2 11 11
D  7  7  6  5
C 10 10  3  3
deal.923
N  8  9  4  4
S 10 10  3  3
H 11 11  1  2
D  9  9  4  4
C  5  5  8  8
deal.924
N  9  9  4  4
S  6  6  7  7
H  9  9  3  3
D  7  7  6  6
C  9  9  3  3
deal.925
N  6  6  6  6
S  8  8  5  5
H  5  5  8  8
D  7  7  5  5
C  4  4  8  8
deal.926
N  7  7  6  6
S  8  8  5  5
H  8  8  5  5
D  5  5  8  8
C  7  7  5  5
deal.927
N  1  1 12 11
S  1  1 12 11
H  3  3  8  8
D  1  1 12 11
C  4  4  8  8
deal.928
N  9  8  4  4
S  7  7  6  6
H  9  9  4  3
D  8  8  5  4
C  6  6  7  7
deal.929
N  8  8  5  5
S  9  9  4  4
H  6  6  7  7
D  7  7  6  6
C 10 10  3  3
deal.93
N  4  4  8  8
S  7  7  6  6
H  5  5  7  7
D  6  6  6  6
C  4  4  7  7
deal.930
N  7  7  6  6
S 11 11  1  1
H  3  3  9  8
D  4  4  7  7
C 12 12  0  0
deal.931
N  8  8  0  0
S 12 12  0  0
H 12 12  0  0
D  5  4  8  8
C  4  4  9  9
deal.932
N  4  4  9  9
S  4  4  9  8
H  3  3  9  9
D  4  4  9  9
C  6  6  6  6
deal.933
N  3  3  2  2
S  3  3  9  9
H  9  9  2  4
D  3  3  8  8
C  9  9  2  2
deal.934
N  2  2 11 11
S  2  2 11 11
H  4  5  8  7
D  3  3 10 10
C  2  2 10 10
deal.935
N  7  7  6  6
S  7  6  6  6
H  4  3  9  9
D  4  4  9  9
C  7  7  6  6
deal.936
N 12 12  1  1
S  7  7  6  6
H 12 12  1  1
D  7  7  6  5
C 12 12  1  1
deal.937
N  6  6  3  6
S 10 10  3  3
H  4  4  9  9
D  7  7  6  6
C  6  6  7  7
deal.938
N  2  2 11 11
S  5  5  8  8
H  4  4  8  8
D  3  3 10 10
C  1  1 12 12
deal.939
N  6  7  3  3
S  9  9  3  3
H  5  5  6  7
D 11 11  2  2
C  7  7  5  5
deal.94
N  2  2 10 10
S  2  2 11 11
H  4  4  8  8
D  2  2 11 11
C  8  8  5  5
deal.940
N  8  8  5  5
S  8  8  5  4
H  8  8  5  5
D  7  7  6  6
C 10 10  3  3
deal.941
N  9  9  4  4
S  9  9  4  4
H 10 10  3  3
D  8  8  5  5
C 10 10  2  2
deal.942
N 11 11  2  2
S  7  7  6  6
H  9  9  3  3
D 10 10  3  3
C 10 10  3  3
deal.943
N  4  4  7  7
S  4  4  9  9
H  6  6  7  7
D  3  3 10 10
C  7  7  6  6
deal.944
N  7  7  6  6
S  5  5  8  8
H  8  8  4  4
D  5  5  8  8
C  3  3  9  9
deal.945
N  5  5  8  8
S  4  4  8  8
H  4  4  9  9
D  4  4  8  9
C  5  5  8  8
deal.946
N  8  8  5  5
S 11 11  1  1
H 11 11  1  1
D  7  7  6  6
C  5  5  7  7
deal.947
N  7  7  5  5
S  6  6  6  6
H  5  5  8  8
D  9  9  4  4
C  6  6  6  6
deal.948
N  4  4  7  7
S  5  5  8  8
H  3  3 10 10
D  3  3 10 10
C  5  5  7  7
deal.949
N  5  5  7  7
S  2  2 10 11
H  8  8  4  4
D  3  3 10 10
C  3  3 10 10
deal.95
N  1  1 12 12
S  2  2 11 11
H  1  1 12 12
D  1  1 12 12
C  2  2 11 11
deal.950
N 10 10  3  3
S  8  8  5  5
H 10 10  1  1
D  9  9  4  4
C  7  7  5  5
deal.951
N  9  9  3  3
S  8  8  4  4
H  8  8  5  4
D 12 12  1  1
C 12 12  1  1
deal.952
N  6  6  7  7
S  7  7  5  5
H  5  5  8  8
D  6  6  6  6
C  4  4  9  9
deal.953
N  5  5  8  8
S  8  8  5  5
H  9  9  4  4
D  4  4  9  9
C 10 10  3  3
deal.954
N  7  7  6  6
S  6  6  6  6
H  7  7  5  5
D  7  7  5  5
C  6  6  6  6
deal.955
N  9  9  2  2
S  7  7  6  6
H 11 11  2  2
D 10 10  3  3
C 10 10  2  2
deal.956
N  6  6  2  2
S 12 12  1  1
H  9  9  4  3
D 10 10  3  2
C  4  4  9  9
deal.957
N  4  4  8  9
S  6  5  7  7
H  4  4  8  8
D  9  9  4  4
C  3  3 10 10
deal.958
N 10 10  2  2
S  7  7  6  6
H 11 11  2  2
D  9  9  4  4
C 10 10  2  2
deal.959
N  8  8  3  3
S  6  6  6  7
H  4  4  8  8
D 10 10  2  2
C  6  6  6  6
deal.96
N  7  7  5  5
S  9  9  4  4
H  7  7  6  6
D  6  6  7  7
C  9  9  4  4
deal.960
N  4  4  8  8
S  4  3  9  9
H  5  5  7  8
D  5  5  8  8
C  2  2 11 11
deal.961
N 11 11  2  2
S 12 12  1  1
H  7  7  6  6
D  9  9  4  4
C 10 10  3  3
deal.962
N  3  3  9  9
S  2  2 11 11
H  7  7  6  6
D  5  5  8  7
C  4  5  8  8
deal.963
N  1  1 12 12
S  0  0 13 13
H  1  1 12 12
D  5  5  8  8
C  5  5  7  7
deal.964
N  7  6  6  6
S  6  6  6  6
H  9  9  3  4
D  6  6  6  6
C  7  7  5  6
deal.965
N  7  7  5  5
S  6  6  6  6
H  5  5  7  7
D  5  5  7  7
C  7  7  5  5
deal.966
N  3  3  7  7
S 10 10  3  3
H  3  3  9  9
D  4  4  9  9
C  3  3 10 10
deal.967
N  2  3  8  8
S  0  0 13 13
H  2  2 10 10
D  3  3  8  8
C  6  6  7  7
deal.968
N  4  4  9  9
S  4  4  9  9
H  2  2 10 10
D  5  5  8  8
C  5  5  7  7
deal.969
N  8  8  3  3
S  9  9  3  3
H  9  9  4  4
D 10 10  3  3
C  7  7  5  5
deal.97
N  3  3  9  9
S  6  6  7  7
H  6  6  7  7
D  4  4  8  8
C  3  3  9  9
deal.970
N  2  2 11 11
S  6  6  6  6
H  2  2 11 11
D  6  6  6  7
C  5  5  8  8
deal.971
N  2  2 11 11
S  4  4  9  9
H  2  2 11 11
D  5  5  8  8
C  3  3 10 10
deal.972
N  7  7  5  5
S  3  3  8  8
H  9  9  4  4
D  4  4  9  9
C  4  4  8  8
deal.973
N  8  8  5  5
S  7  7  6  6
H  5  5  8  8
D  7  7  6  6
C 10 10  3  3
deal.974
N  2  2 11 11
S  4  4  9  8
H  2  1 11 11
D  6  6  7  7
C  3  3 10  9
deal.975
N  4  4  7  7
S  2  2 11 11
H  8  8  5  5
D  5  5  7  7
C  4  4  8  8
deal.976
N  4  4  8  8
S  3  3  9  9
H  5  5  8  8
D  2  2 11 11
C  3  3 10 10
deal.977
N  5  5  8  8
S  3  3 10 10
H  6  6  7  7
D  2  2 11 11
C  7  7  6  6
deal.978
N  5  5  7  7
S  8  8  5  5
H  3  3  9  9
D  6  6  5  5
C  5  5  7  7
deal.979
N  9  9  4  4
S  7  7  5  5
H 10 10  3  3
D  7  7  6  6
C  7  7  6  6
deal.98
N  5  5  7  7
S  5  5  8  8
H  6  6  7  7
D  5  5  7  7
C  6  6  6  6
deal.980
N  7  7  3  3
S  6  6  7  7
H 10 10  3  3
D 10 10  3  3
C  8  8  5  5
deal.981
N  9  9  3  3
S 10 10  3  2
H  6  6  7  7
D  9  8  4  4
C  9  9  4  4
deal.982
N  3  3  8  8
S  3  3  9  9
H  6  6  7  7
D  3  3  9  9
C  4  4  9  9
deal.983
N 12 12  1  1
S 12 12  1  1
H  6  6  6  6
D 12 12  1  1
C  6  6  6  6
deal.984
N 10 10  3  3
S  7  7  6  6
H  9  9  4  4
D 10 10  3  3
C  8  8  5  5
deal.985
N  8  8  5  5
S  9  9  4  4
H  9  9  4  4
D  6  6  6  6
C  9  9  4  4
deal.986
N  4  4  6  6
S  7  7  6  6
H  9  9  3  3
D  2  2 11 11
C  5  5  7  7
deal.987
N  8  7  5  5
S  8  8  5  5
H  6  6  7  7
D  7  7  5  6
C  6  6  6  7
deal.988
N 13 13  0  0
S 10 11  2  1
H 10 10  3  3
D 12 13  0  0
C  9  9  4  4
deal.989
N  2  2  8  8
S  6  6  7  7
H  2  2 11 11
D  6  6  7  7
C  4  4  8  8
deal.99
N  4  4  8  8
S  5  5  8  8
H  3  3  9  9
D  4  4  9  9
C  3  3  9 10
deal.990
N  6  6  6  6
S  3  3 10 10
H  8  8  5  5
D  5  5  7  7
C 10  9  3  3
deal.991
N  5  5  7  7
S  5  5  8  8
H  5  5  8  8
D  5  5  8  8
C  7  7  6  6
deal.992
N  8  8  2  2
S 10 10  2  2
H  3  3 10 10
D  4  4  9  9
C 11 11  2  2
deal.993
N  5  5  5  5
S  8  8  4  4
H  8  8  5  5
D  4  4  7  7
C  8  8  5  5
deal.994
N  5  5  8  8
S  4  4  9  9
H  6  6  6  6
D  7  7  6  5
C  6  6  6  6
deal.995
N  5  5  8  8
S  6  7  6  7
H  5  5  7  7
D  4  4  9  9
C  4  4  9  9
deal.996
N  6  6  6  6
S  6  6  7  7
H  9  9  4  4
D  7  7  6  6
C  6  6  7  6
deal.997
N  9  9  4  4
S  6  6  7  7
H  7  7  5  5
D  9  9  4  3
C 10 10  3  3
deal.998
N  1  1 12 12
S  4  4  9  9
H  3  3  8  8
D  0  0 13 13
C  3  3 10 10
deal.999
N  7  7  3  3
S 10 10  3  3
H  5  5  8  8
D  6  6  6  6
C  9  9  3  3
