deal.1
N  7  7  6  6
S  6  6  6  6
H  4  4  9  9
D  5  5  8  8
C  6  6  7  7
deal.10
N  6  6  7  7
S  6  6  6  6
H  5  5  8  8
D  5  5  8  8
C  7  7  6  6
deal.11
N  8  8  5  5
S  9  9  3  3
H  7  7  5  6
D  7  7  5  5
C  6  6  6  6
deal.12
N  6  6  7  7
S  7  7  5  5
H  7  7  6  6
D  5  5  8  8
C  7  7  6  6
deal.13
N  7  7  5  5
S  9  9  4  4
H  3  3 10 10
D  6  6  6  6
C  8  8  5  5
deal.14
N  8  7  6  5
S  7  6  7  6
H  7  6  7  6
D  9  9  4  4
C  8  7  6  5
deal.15
N  8  8  5  5
S  9  9  3  3
H  9  9  4  4
D  6  6  6  6
C  6  6  7  7
deal.16
N  7  7  5  6
S  7  7  5  6
H  9  9  4  4
D  8  8  5  5
C  6  6  7  7
deal.17
N  4  4  9  8
S  4  4  9  9
H  5  5  8  8
D  4  4  9  9
C  6  6  7  7
deal.18
N  5  5  7  7
S  7  7  6  6
H  7  8  5  5
D  5  5  8  8
C  2  3 10 10
deal.19
N 10  8  3  3
S  7  7  6  6
H  6  6  6  6
D 12 12  1  1
C 12 12  1  1
deal.2
N  7  8  5  5
S  9  9  4  4
H  7  7  6  6
D  9  9  4  4
C  7  7  6  6
deal.3
N  8  8  4  5
S  9  9  4  4
H  9  8  4  4
D  9  9  4  4
C  7  7  6  6
deal.4
N  5  5  5  5
S  4  4  8  7
H  8  7  4  4
D  4  4  7  8
C  7  8  4  4
deal.5
N  6  6  7  7
S  4  4  8  8
H  4  4  9  8
D 10 10  3  2
C  8  8  4  4
deal.6
N  6  6  7  7
S  6  6  7  7
H  8  8  4  4
D  6  6  7  7
C  9  9  4  4
deal.7
N  5  6  7  7
S  4  4  9  9
H  7  7  6  6
D  4  4  9  9
C  7  7  6  6
deal.8
N  7  6  6  6
S  6  6  7  7
H  6  6  7  7
D  7  7  6  6
C  7  7  6  6
deal.9
N  5  5  7  7
S  4  5  8  8
H  6  6  7  7
D  6  6  7  7
C  3  3 10 10
